logFC	AveExpr	t	P.Value	adj.P.Val	B	Symbol	neglogpadj
-2.365992157	2.453219001	-5.199420205	2.87E-07	4.09E-05	6.410124925	SLC6A19	4.388276692
0.421928961	3.899176468	5.189145913	3.03E-07	4.10E-05	6.410630278	SLC25A22	4.387216143
-0.865091236	4.355523571	-5.164521469	3.43E-07	4.33E-05	6.290751762	ALDH6A1	4.363512104
0.432273562	4.978137537	5.124831761	4.20E-07	4.80E-05	6.085688031	SLC52A2	4.318758763
0.388166166	4.938734477	5.020526517	7.08E-07	6.56E-05	5.599897439	ALG3	4.183096161
0.438962412	6.260142354	4.809825321	1.98E-06	0.000126591	4.610975266	SLC1A5	3.897597169
-2.148900709	2.800322692	-4.800341937	2.07E-06	0.000131046	4.609787007	SLC5A8	3.882576231
0.479682884	2.938615609	4.782746373	2.25E-06	0.00013526	4.550948355	SLC19A1	3.868830617
-0.445910675	5.821902689	-4.746334172	2.68E-06	0.000153753	4.339433149	SLC25A4	3.813176402
-0.365103286	7.789925722	-4.664226677	3.94E-06	0.000203389	3.976315417	SLC44A2	3.691672539
-0.913891745	2.656047013	-4.632990234	4.55E-06	0.000220699	3.871222679	SLC14A1	3.656199635
-0.86300853	3.977298883	-4.600906393	5.28E-06	0.000242079	3.773021392	ABCG2	3.616042883
0.394950846	7.633766083	4.522240344	7.57E-06	0.000306726	3.364199737	ABCB2	3.513249409
-0.779859029	6.986536605	-4.518003919	7.72E-06	0.00030932	3.337155201	SLCO2A1	3.509591998
-0.259962871	6.662036865	-4.509552998	8.02E-06	0.000318529	3.300327027	SLC39A9	3.496851022
0.268602888	6.477809423	4.466900704	9.73E-06	0.00035807	3.119758806	ALDH18A1	3.446032064
0.641358588	3.121853037	4.440272005	1.10E-05	0.000386622	3.108889657	SLC11A1	3.412713437
-0.412347496	4.3819032	-4.428694527	1.15E-05	0.000402351	3.008557837	GGT7	3.395394915
-0.464379583	7.243586171	-4.3535651	1.61E-05	0.00049003	2.652870849	ALDH3A2	3.309777331
-0.270129908	4.899724787	-4.325285698	1.82E-05	0.000532158	2.567634802	CYB5D2	3.273959405
-1.028337591	3.466457793	-4.308820422	1.96E-05	0.000560478	2.570529919	SLC44A4	3.25144143
-0.237816766	7.333092235	-4.253318119	2.50E-05	0.00066031	2.249282958	ADH5	3.180252126
0.445715636	2.448841145	4.159950803	3.72E-05	0.000860692	1.998195568	SLC2A6	3.065152234
0.300401205	3.394570471	4.159228879	3.73E-05	0.000861636	1.988768207	SLC25A19	3.064676164
0.300763023	4.525890138	4.118978589	4.42E-05	0.000960852	1.75624044	SLC39A11	3.017343502
0.20389323	7.889344948	4.028057544	6.46E-05	0.001248608	1.37641426	MGAT1	2.903573887
0.258404459	4.97091762	3.985677548	7.68E-05	0.00139218	1.23287567	SLC50A1	2.85630461
0.214469312	4.872667739	3.978229342	7.92E-05	0.001419756	1.206106671	SLC35A2	2.847786287
-1.764601685	3.104870503	-3.89820377	0.000109499	0.001776264	1.044431763	SLC22A12	2.750492486
-0.934821488	5.006530528	-3.894261394	0.000111244	0.001787334	0.95113653	HSD11B2	2.747794283
-0.499371793	6.542973576	-3.888865975	0.000113674	0.001816471	0.841683947	SLC9A3R2	2.740771531
0.517952609	6.820710111	3.887938515	0.000114097	0.001820757	0.836457531	HSD3B7	2.739748012
-1.497215691	4.028417006	-3.839779206	0.000138215	0.002078867	0.76469615	SLC5A1	2.682173295
-0.746689494	3.380559617	-3.761270952	0.000188122	0.002537136	0.542199798	FMO3	2.595656252
-0.315588505	5.223141008	-3.757613361	0.000190819	0.002553722	0.380084103	SLC12A6	2.592826382
-0.294062549	4.116516589	-3.756229387	0.000191849	0.002564589	0.445699073	SLC18B1	2.590982225
0.257382378	4.775458405	3.755110246	0.000192685	0.002572851	0.391557091	ALDH16A1	2.589585364
-0.933889086	4.753360404	-3.739568088	0.000204664	0.00268411	0.346049359	SLC27A2	2.57119969
0.208075083	5.623396872	3.734702138	0.000208557	0.002720012	0.291079911	SLC35C2	2.56542918
0.505650521	4.292115416	3.65700755	0.000280965	0.003345722	0.089223118	SLC9A9	2.475510148
-0.280361236	6.346748509	-3.63172809	0.000309222	0.00358446	-0.078837537	SLC30A9	2.445576262
-0.266481151	6.263898989	-3.607309129	0.000339035	0.003824531	-0.163005689	HSD17B12	2.417421815
-1.46399361	4.191819943	-3.602680571	0.000344981	0.003873062	-0.020493101	SLC17A4	2.411945551
-0.287231846	7.054590042	-3.579714134	0.000375962	0.004126475	-0.256515569	SLC25A23	2.384420782
-0.991438672	5.755570766	-3.525669912	0.000459456	0.004771722	-0.426474738	SLC16A12	2.321324866
0.182427368	4.773141348	3.508073606	0.00049019	0.004980988	-0.452676081	SLC35C1	2.302684505
-0.286940997	6.469071739	-3.506886449	0.000492331	0.004994128	-0.504179159	HSDL2	2.301540331
0.247270648	3.862124171	3.503536492	0.00049842	0.005039278	-0.425280594	ABCC10	2.297631682
-0.219758609	4.629175661	-3.502736279	0.000499885	0.005049014	-0.453997077	ABCB7	2.296793425
0.323301345	7.699164533	3.4922748	0.000519412	0.005162119	-0.536573944	GPX1	2.287171988
-0.425819359	2.387975369	-3.447337134	0.000611677	0.005794984	-0.464769532	SLC30A4	2.236947759
-0.386047652	5.014567742	-3.446914151	0.000612614	0.005794984	-0.663824885	SLC12A2	2.236947759
-0.331799951	4.605446746	-3.403506055	0.000716218	0.00652351	-0.771104659	SLC22A23	2.185518668
-0.212032421	4.351390326	-3.395805744	0.000736221	0.006598533	-0.787788524	CCBL2	2.180552607
-0.230951223	6.291353096	-3.343301544	0.000887106	0.007372935	-1.038837986	SLC44A1	2.132359595
-0.31769248	5.136845968	-3.338874275	0.000901063	0.007441666	-1.019460093	SLC45A4	2.128329826
-0.899853915	4.976319175	-3.316517853	0.00097471	0.00792203	-1.071462227	CES3	2.101163517
0.572452394	3.853507279	3.302514831	0.001023646	0.008134604	-1.084499121	ALDH1A3	2.089663584
-0.484486239	4.044687559	-3.287673806	0.001077994	0.008440487	-1.104891485	SLC2A9	2.073632495
-0.23400817	4.650498256	-3.284867193	0.001088568	0.008501062	-1.168943121	NAA30	2.070526816
-0.671677264	8.948274322	-3.280468949	0.001105332	0.008569779	-1.191303317	SLC3A1	2.067030378
-0.923677387	5.801349242	-3.277680791	0.001116083	0.008610059	-1.211087726	ALDH1L1	2.064993873
0.338953407	3.551538125	3.265587278	0.001163846	0.008848958	-1.144647219	CHST11	2.053107866
0.22795926	5.360108619	3.265453721	0.001164384	0.008848958	-1.270671068	SLC12A9	2.053107866
-0.222449658	4.047644924	-3.251947697	0.001219986	0.009163118	-1.231685046	SLC24A1	2.037956721
0.258192107	4.794356389	3.248504604	0.001234548	0.0092103	-1.273303995	ABCD1	2.035726224
0.315756443	6.270266583	3.233532346	0.001299765	0.009557513	-1.384008373	PON2	2.019655103
-0.31395403	4.689902333	-3.212532879	0.001396619	0.010023146	-1.386269577	ABCA5	1.998995944
0.342469873	5.343949061	3.196796082	0.001473529	0.010395611	-1.463181203	GPX8	1.98314998
0.224801863	5.158880292	3.174456186	0.001589447	0.010946732	-1.536464438	NAA10	1.960715514
-0.327144746	5.503702064	-3.14327886	0.001765328	0.011772516	-1.646511744	SLC39A8	1.929130711
0.212712529	3.726404302	3.112570196	0.001955949	0.012733673	-1.594796227	CYB561D2	1.895046307
0.19447021	4.436766674	3.102799825	0.002020463	0.012995624	-1.698298804	CHST12	1.886202863
-0.203304379	4.715208358	-3.103188666	0.002017858	0.012995624	-1.725146729	CBR4	1.886202863
-0.866462483	7.163051924	-3.097199608	0.002058318	0.013183292	-1.795440764	SLC47A1	1.879976129
-1.339953443	5.810600253	-3.085834461	0.002137155	0.013553728	-1.78310852	SLC6A3	1.867941234
0.237478219	6.737798862	3.083826943	0.002151366	0.013624042	-1.838181458	GSTO1	1.865694026
-0.354883985	5.199607881	-3.067574522	0.002269653	0.01413522	-1.854988218	SLC44A3	1.849697428
-0.177208647	3.018758745	-3.049983518	0.002404394	0.014626317	-1.696598457	SLC25A51	1.834865018
-0.336034206	5.124662142	-3.047060527	0.002427482	0.014716455	-1.896273262	SLC25A42	1.832196793
0.234138996	4.667598187	3.044907274	0.00244462	0.014746431	-1.909252921	ABCB8	1.831313077
-0.356053582	4.172840363	-2.993780756	0.00288561	0.016556504	-1.988600927	SLC30A1	1.781031362
0.212166133	7.102841259	2.993670189	0.002886638	0.016556504	-2.094537877	MGAT4B	1.781031362
-0.209497925	5.835093032	-2.969280898	0.00312176	0.017512385	-2.159686672	SLC23A2	1.756654704
0.145198266	5.776049849	2.965499423	0.003159744	0.017652898	-2.17598203	ABCF2	1.753183988
-0.402662845	5.750547847	-2.896083807	0.003936417	0.020729601	-2.350406989	EPHX2	1.683409057
0.602278616	5.389731149	2.893559527	0.003967687	0.020845095	-2.36661207	SLC7A5	1.680996121
-0.244443647	5.468519168	-2.872004669	0.004244063	0.021810762	-2.41500922	DHRS4	1.661329161
0.310786137	5.393306242	2.862597612	0.004370079	0.022183804	-2.448705265	SLC15A3	1.653963981
0.329369716	6.336279922	2.834700425	0.004764045	0.023534462	-2.545695097	UCP2	1.628295725
0.339212367	3.240553561	2.815979274	0.005046217	0.024517037	-2.400238798	ABCA7	1.610532018
0.179154511	5.693382554	2.80420141	0.005231416	0.025104781	-2.614413347	HSD17B10	1.600243563
-0.213990612	3.377447764	-2.768172856	0.005836802	0.027228681	-2.498462472	SLC36A4	1.564973396
0.170711463	4.224082344	2.755448764	0.006065295	0.027923821	-2.674658269	NAA40	1.554025155
0.19264657	4.390544862	2.752058012	0.006127533	0.028112176	-2.691448033	SLC5A6	1.551105537
0.279370199	6.884917221	2.74763143	0.006209652	0.028395175	-2.775979254	GALNT2	1.54675545
0.34131677	3.854110488	2.745120441	0.006256674	0.028504778	-2.636563083	NAT14	1.545082337
-0.41165638	4.586575651	-2.732461634	0.006498662	0.029156094	-2.734208865	GSTM3	1.535270658
-1.013469813	4.818283824	-2.72640065	0.006617488	0.029498165	-2.666255256	SLC5A10	1.530204999
0.26826654	3.418792229	2.721600257	0.006712986	0.029799786	-2.636893356	SLC29A3	1.525786855
-0.434566448	4.181232568	-2.710152263	0.006945763	0.030579531	-2.78896247	SLC7A8	1.51456918
-0.973360174	6.810589294	-2.694825524	0.007268787	0.031565082	-2.90780944	SLC22A2	1.500793078
-0.742835092	5.536122001	-2.683696203	0.007511753	0.032180237	-2.920720714	SLC16A9	1.492410762
-0.165754754	5.457365439	-2.671385498	0.007788997	0.032996769	-2.954096652	SLC35A5	1.481528584
-0.171513147	6.981493953	-2.65955443	0.008064068	0.033857586	-3.00832138	ALDH9A1	1.47034401
0.176575566	6.043656128	2.644517155	0.008426256	0.035003884	-3.044678667	CYB561	1.455883764
-1.509970147	1.820176731	-2.642825546	0.008467899	0.035086635	-2.601123081	SLC22A6	1.454858281
-0.243357129	4.703818021	-2.632142437	0.008735185	0.035857188	-3.000479904	GCNT2	1.445423772
-0.135041304	4.668670158	-2.624918414	0.008920186	0.03635053	-3.028444071	HSDL1	1.439489253
-0.165179646	5.504975247	-2.622290009	0.008988363	0.036527475	-3.074418046	ALG2	1.437380348
-0.312601069	7.908834164	-2.60137882	0.009547609	0.038077273	-3.139495218	ACSL1	1.419334162
0.14442477	5.995218423	2.571170521	0.010410457	0.040476711	-3.228340383	SLC35B2	1.392794784
-0.180304802	5.092900311	-2.558879897	0.010780986	0.041519842	-3.227019289	SLC48A1	1.381744308
-0.223074317	5.526769683	-2.556187357	0.010863712	0.041681031	-3.253492968	SLC25A24	1.380061547
0.317878443	5.596453431	2.553593035	0.010943955	0.041918384	-3.267795289	ALDH3B1	1.377595468
0.127831834	8.131470975	2.544929634	0.011215757	0.042732294	-3.261800947	DDOST	1.369243792
0.206853816	6.511377407	2.532813772	0.011605956	0.043766682	-3.32728584	ABCB3	1.358856376
-0.240466629	3.983000366	-2.490678964	0.013058648	0.047791082	-3.272373523	SLC35A3	1.320653137
0.217131071	3.939102266	2.487659695	0.013168686	0.048071137	-3.293035981	SLC37A1	1.318115606
-0.205500216	6.473019444	-2.486452965	0.013212895	0.048138963	-3.439095142	MGAT4A	1.317503269
-0.222289918	3.008280146	-2.486101054	0.013225812	0.048148498	-3.162260479	CCBL1	1.317417256
0.190064199	7.449317505	2.476262383	0.013591509	0.049116042	-3.449256467	GSTK1	1.308776638
-0.207361955	4.48428918	-2.475577309	0.013617303	0.049163391	-3.352655366	GSTA4	1.30835817
0.227235371	7.603455392	2.431220371	0.015382518	0.053471051	-3.556592215	GPX4	1.27188128
0.415980851	5.757278785	2.398915191	0.016792352	0.056698261	-3.640243956	SLC7A7	1.246430261
-0.39055123	2.502892452	-2.361904841	0.018546271	0.061031911	-3.351962408	CYP26B1	1.214443031
-0.183383968	5.161080396	-2.360585538	0.018611655	0.061157724	-3.692996541	SLC25A46	1.213548685
-1.119557087	2.586624973	-2.357866675	0.018747041	0.061465452	-3.272529116	SLC10A2	1.21136892
0.308413044	2.865075463	2.348323675	0.019229096	0.062617235	-3.444044669	COMTD1	1.203306114
-0.15080793	6.582593473	-2.333151781	0.020017866	0.064465084	-3.795064556	SLC12A4	1.190675447
0.149979626	4.647468024	2.32946312	0.020213863	0.064979453	-3.743032261	NAA25	1.187223949
-0.182799218	5.54064017	-2.316463425	0.02091805	0.066725859	-3.813425425	SLC31A1	1.175705827
0.115589859	3.747438958	2.314147645	0.02104572	0.066913831	-3.632119972	ALG6	1.174484105
-0.161846878	6.147818251	-2.305342939	0.021537362	0.068129336	-3.85566678	ABCD3	1.166665844
-0.335108011	3.321042778	-2.305086223	0.021551846	0.068142826	-3.595755622	SLC2A10	1.166579859
0.436735189	5.053400661	2.280743032	0.022964502	0.071453881	-3.880151547	CYP1B1	1.145974178
-0.402506147	3.696831087	-2.265633983	0.023881294	0.073510194	-3.743446335	INMT	1.133652431
0.555170942	4.264992329	2.254829744	0.024556249	0.074988634	-3.881442745	ABCC2	1.125004557
-0.1750573	5.42428552	-2.251177503	0.024788128	0.075525063	-3.959501767	SLC46A1	1.121908904
0.243133074	4.933982728	2.2278102	0.026317197	0.078679442	-3.98348745	SLC25A37	1.104138729
-0.129056977	3.374975786	-2.219979452	0.026847582	0.079769678	-3.77643385	SLC10A7	1.098162161
-0.149647774	4.740116696	-2.201841072	0.028111786	0.082414264	-3.993820034	SLC20A2	1.083997615
-0.377457487	5.361546171	-2.198805949	0.028328277	0.08282575	-4.079270781	SLC6A12	1.081834623
-0.273708909	6.008081822	-2.19247815	0.028784266	0.083825989	-4.101848065	ABCC4	1.076621314
-0.390463414	7.245504959	-2.190147911	0.028953775	0.084236318	-4.09678451	SLC4A4	1.074500625
-0.416438812	3.326531002	-2.180811107	0.029641638	0.085710474	-3.84915153	MGAT5	1.066966103
-0.175490554	4.095516323	-2.175444313	0.030043365	0.086572232	-4.006096514	CYP2U1	1.062621385
0.171156231	6.506057616	2.17253259	0.030263277	0.086985591	-4.145513435	SLC15A4	1.060552681
0.111455465	4.955223531	2.154543324	0.031652933	0.089934038	-4.137721792	ALG1	1.046075907
-0.212473703	4.231545713	-2.139234285	0.032878428	0.092523117	-4.077160599	SLC25A25	1.033749745
-0.21868376	5.085516941	-2.138495687	0.032938569	0.092610596	-4.172288805	ALDH5A1	1.033339321
-0.152865981	4.768863525	-2.13815174	0.032966608	0.092638449	-4.163080902	GALNT4	1.033208725
-0.195652327	5.660371539	-2.12487021	0.034065102	0.094865146	-4.236075389	GSR	1.022893321
-0.145780355	3.796436491	-2.122561628	0.034259208	0.09522957	-4.084519122	NAA35	1.021228177
-0.136821089	5.498183857	-2.117986939	0.03464665	0.095962745	-4.223409142	MGST2	1.017897338
0.211308264	2.875342875	2.113873763	0.034998203	0.096527831	-3.943591058	SLC25A45	1.015347452
-0.316232958	8.853067802	-2.112528226	0.035113867	0.096737914	-4.214520486	ALDH1A1	1.014403282
0.162640422	5.968871544	2.096004439	0.036561168	0.099487263	-4.298784989	SLC39A13	1.002232517
-0.187104605	6.166398146	-2.091751733	0.036941802	0.100169411	-4.308382372	DHRS7	0.99926488
0.18719229	4.350570735	2.090126629	0.037088146	0.100480435	-4.239609973	GALNT7	0.997918493
0.133909845	5.073274761	2.08350168	0.037689872	0.10157651	-4.293935643	SLC7A6	0.993206713
-0.190495416	6.587629328	-2.080699009	0.037946927	0.101962345	-4.332249775	HNMT	0.991560185
-0.174018854	5.542832341	-2.07275328	0.038683836	0.103282597	-4.339784217	MTHFR	0.98597285
-0.206295605	4.846483847	-2.072512053	0.038706397	0.103319411	-4.315291861	SLC2A13	0.985818078
-0.115764316	4.616824802	-2.069535005	0.038985759	0.103829779	-4.286480449	SLC25A12	0.98367807
-0.134833096	6.590625282	-2.068480377	0.039085135	0.104070909	-4.357812202	ALDH7A1	0.982670652
0.399731058	9.189672061	2.063428832	0.03956413	0.105156118	-4.317977511	NNMT	0.978165455
0.148660228	3.937296236	2.042786931	0.041573685	0.109045277	-4.275648941	SLC25A16	0.96239314
-0.148055137	5.356219408	-2.040765577	0.04177505	0.109451561	-4.393154087	CYB5D1	0.96077804
0.101171057	5.519937326	2.02929837	0.042933136	0.111493614	-4.410034343	SLC35B1	0.952750007
-0.182969103	6.16143169	-2.02648449	0.043221435	0.112118688	-4.434676941	ABCG1	0.950321993
0.402928026	6.950981639	2.016028366	0.044307147	0.114220021	-4.461522252	MGST1	0.942257764
-0.656755863	6.3808262	-2.015832365	0.044327717	0.114233594	-4.457014397	SLC6A13	0.942206159
0.12469947	7.152573588	2.004104195	0.045573377	0.116677752	-4.481589113	SLC38A10	0.933011947
0.080848361	5.832855509	2.001601443	0.045842992	0.117195044	-4.481221013	NAT10	0.931090754
-0.271060368	4.536411736	-1.991746731	0.046917751	0.119115547	-4.41735867	FAAH	0.924031551
-0.226694827	5.266348371	-1.98749839	0.047387593	0.119914844	-4.479879347	ALDH1B1	0.921127053
-0.707708012	7.035263586	-1.986403654	0.047509305	0.120128815	-4.505657879	NAT8	0.920352807
-0.31253638	10.98283168	-1.984073981	0.047769195	0.120543778	-4.407680794	GPX3	0.918855201
0.288244221	6.460326322	1.978977693	0.048341899	0.121598151	-4.532200193	SLC5A3	0.915073029
0.173481854	6.324464224	1.964781098	0.04996784	0.124781474	-4.555827872	SLC2A4RG	0.903849889
-0.171841144	6.651860276	-1.939907477	0.052927466	0.130430377	-4.609510134	EPHX1	0.88462125
-0.130966569	5.236118085	-1.93450969	0.053588769	0.131537084	-4.584328409	SLC27A1	0.88095179
-0.149620166	5.889804846	-1.918270537	0.055620136	0.134975963	-4.644188201	SLC35F5	0.869743565
0.161124569	8.133844262	1.914373027	0.056117139	0.135708012	-4.621624501	SAT1	0.867394511
0.112569095	5.202468577	1.911821018	0.056444571	0.136246714	-4.614691498	SLC10A3	0.865673963
-0.502240609	4.77315265	-1.902845992	0.057608793	0.138120648	-4.57425378	FMO2	0.859741393
-0.098473545	5.11054027	-1.899485234	0.058049865	0.13872834	-4.629750799	ALG5	0.85783481
-0.308525793	5.876115361	-1.898000566	0.05824561	0.138945939	-4.682769345	SLC1A1	0.857154142
0.232436714	2.623008462	1.891068433	0.059166864	0.140513844	-4.307471279	SLC6A9	0.852280885
-0.148431443	3.3294695	-1.887883326	0.059594201	0.141142583	-4.44787916	GSTCD	0.850341939
-0.12366415	5.384256245	-1.867697862	0.062362523	0.145175616	-4.701467949	SLC35B4	0.838106323
-0.604700726	5.239327384	-1.867791885	0.062349386	0.145175616	-4.713686336	SLC22A11	0.838106323
0.089602538	6.581758605	1.83978353	0.066365809	0.151971637	-4.792730401	GUSB	0.818237458
-0.215879845	4.696495241	-1.822446228	0.068957429	0.155845642	-4.757718341	SLC16A2	0.807305338
0.119405882	6.917286249	1.814058277	0.070240893	0.158199847	-4.828679528	SLC4A2	0.800793941
0.23152851	5.3586348	1.813094119	0.070389673	0.158383489	-4.80215191	SLC22A18	0.800290094
0.257060912	2.713051469	1.802683621	0.0720127	0.161264642	-4.467889624	GCNT1	0.792460843
-0.233812607	3.051735195	-1.784134481	0.074980691	0.166173804	-4.541949808	SLC25A40	0.779437438
-0.776271881	2.786923494	-1.783453257	0.07509157	0.166321329	-4.503965319	SLC13A1	0.779052053
0.149945305	6.507875171	1.776865315	0.076170804	0.16780089	-4.903807428	SLC25A1	0.77520574
0.230012264	2.745319163	1.758124883	0.079310396	0.173002136	-4.552938723	SLC45A3	0.761948535
-0.116444018	5.246213194	-1.750210049	0.080667695	0.174990504	-4.915353954	SLC41A3	0.756985518
0.110106578	4.820051181	1.745808162	0.081430715	0.176077544	-4.886037912	DHRSX	0.754296028
0.072638916	5.78772644	1.745977733	0.081401213	0.176077544	-4.935307808	NAA20	0.754296028
-0.125385575	3.858093743	-1.742515556	0.082005285	0.176882095	-4.776090926	SLC49A4	0.752316127
0.150157315	6.68429483	1.739774519	0.082486115	0.177561502	-4.966321653	SLC25A39	0.75065119
0.143118239	6.306313513	1.739389195	0.082553892	0.177674924	-4.966097073	ABCC1	0.750373862
0.239531166	8.180338002	1.719649204	0.086087075	0.18300496	-4.963080161	SLC39A14	0.737537139
0.175913873	4.737591482	1.708848548	0.088071506	0.186081472	-4.939679671	SLC36A1	0.730296867
0.158210898	4.615842633	1.707590648	0.088305009	0.186374209	-4.934927417	NAA38	0.729614187
-0.174584331	7.143674805	-1.688124763	0.091982651	0.192036815	-5.038087071	GALNT11	0.716615506
-0.667367277	6.335806362	-1.6873421	0.09213306	0.192316739	-5.041762611	SLC17A3	0.715982914
0.124655098	3.930581882	1.671721726	0.095176568	0.196924534	-4.888416029	SLC39A3	0.705700174
-0.484891099	4.39999671	-1.666241256	0.096263342	0.198580028	-4.990340441	ALDH8A1	0.702064432
0.067972827	5.019475388	1.663007444	0.096909262	0.199528038	-5.032090387	ALG8	0.699996068
-0.084044873	4.753256986	-1.657566881	0.098003796	0.201183669	-5.030788143	SLC9A6	0.696407276
-0.811346292	4.947413165	-1.651330506	0.099270592	0.203005689	-4.846709587	SLC5A12	0.692491791
-0.140579388	7.116203537	-1.647833522	0.099986649	0.204024355	-5.111735125	DHRS3	0.690317986
0.108741545	5.103880399	1.64690726	0.100177004	0.204243221	-5.073319363	SLC25A28	0.689852349
0.354981104	2.959577569	1.646430583	0.100275079	0.204350164	-4.742761423	CHST13	0.689625009
0.362175878	3.212470637	1.622513647	0.105295228	0.211542459	-4.728432396	GCNT3	0.674602452
0.210376248	7.242990162	1.617066363	0.106466121	0.213362182	-5.150868825	SULF2	0.670882556
-0.139873631	5.342846491	-1.603229552	0.109486907	0.217588138	-5.156552617	SLCO3A1	0.662364784
-0.295157039	2.222847063	-1.593561285	0.111637675	0.220707891	-4.764793147	SLC25A27	0.656182139
-0.140941255	6.274660297	-1.575142705	0.115827397	0.22685835	-5.231463679	ABCA2	0.644245231
-0.113818982	3.788510771	-1.560075466	0.119346133	0.232013769	-5.056667457	ARSK	0.634486241
0.35816475	3.780329347	1.546122919	0.122678949	0.236463173	-5.035835792	SLC5A9	0.626236487
0.134256991	4.352724138	1.544680133	0.123027704	0.236853549	-5.150872196	SLC35F2	0.625520103
-0.49830129	6.300256135	-1.544118937	0.123163568	0.237048102	-5.274784961	UGT2A3	0.625163518
-0.449204093	3.366933087	-1.523575595	0.128218384	0.244025195	-5.108615421	SLC17A1	0.612565332
-0.141214171	3.851806954	-1.521824829	0.128656543	0.244688044	-5.130908205	SLC30A6	0.611387251
-0.204430079	6.136461835	-1.521776344	0.128668694	0.244688044	-5.309240021	CYP27A1	0.611387251
-0.078113954	5.994860576	-1.507194963	0.132363669	0.249935374	-5.32538824	CYB5R1	0.602172273
0.138205549	4.986956498	1.479763815	0.139537586	0.259405549	-5.312252	SLC25A43	0.586020738
-0.152592573	7.653674688	-1.47533368	0.140723811	0.260986876	-5.354333199	SLC12A7	0.583381331
-0.110428678	4.336196932	-1.46916762	0.142387777	0.263271156	-5.283911144	CYB561D1	0.57959672
-0.104684618	5.309905222	-1.457311793	0.145629693	0.267814007	-5.360445622	SLC33A1	0.572166713
-0.117122394	5.315777523	-1.448473653	0.148083088	0.271056035	-5.36946315	SLC1A4	0.566940919
0.106871954	7.287591442	1.44479951	0.14911227	0.272389516	-5.41128154	SLC3A2	0.564809612
-0.118915427	4.085255485	-1.442524492	0.149752276	0.27317176	-5.269150848	SLC2A8	0.563564199
-0.329512343	6.28993451	-1.435612257	0.151709713	0.27583583	-5.432340237	SLCO4C1	0.559349321
0.138892439	4.87424413	1.435300626	0.15179842	0.275884259	-5.362752877	SLC41A2	0.559273078
0.083706918	5.129216604	1.430605432	0.153139729	0.277505309	-5.395598247	ALG12	0.556728704
-0.358620704	5.287205057	-1.424369222	0.154935224	0.279894573	-5.417496644	AOX1	0.553005522
-0.093155453	5.886931235	-1.403408535	0.161087704	0.288011218	-5.464783877	ACSL3	0.540590596
0.32367367	4.004686208	1.403194546	0.161151456	0.288037744	-5.306593229	CES4A	0.540550599
0.156490828	5.54176428	1.386747426	0.166108795	0.294174928	-5.468957098	ABCB6	0.531394344
0.209157743	6.237415479	1.380972022	0.167876581	0.296458614	-5.502008839	DPYSL3	0.528035926
0.067071527	5.669557815	1.377452348	0.168960841	0.297703743	-5.50320915	ABCF3	0.526215705
-0.295714613	4.710563922	-1.369165834	0.171534351	0.300708552	-5.414042648	ACSM5	0.521854221
-0.171004582	4.934002397	-1.36624945	0.172447047	0.30176952	-5.477236412	SLC8A1	0.520324628
0.065182768	4.623560166	1.351298196	0.177183388	0.308043809	-5.469912126	SLC35B3	0.511387515
0.183001014	6.602400845	1.347468401	0.178412103	0.309449093	-5.55195937	SLCO2B1	0.509410786
0.086883549	5.468409253	1.342613752	0.179978747	0.31124959	-5.542683326	SLC37A3	0.506891212
-0.225439103	3.364628805	-1.325805989	0.185481982	0.317734007	-5.253696794	SLC22A4	0.4979363
-0.421447633	5.115484752	-1.323487204	0.186250896	0.318680343	-5.547810053	GLYAT	0.496644724
0.101291406	6.779620504	1.321670954	0.186854817	0.319539534	-5.587337718	SLC35F6	0.495475402
-0.086343374	4.227380958	-1.31997266	0.187420827	0.32017045	-5.455022361	UCHL5	0.494618754
-0.079389933	3.029555844	-1.312723763	0.189851029	0.323477369	-5.256873738	SLC7A6OS	0.490156098
0.125239308	6.104079797	1.311278003	0.190338495	0.323979831	-5.59706611	ABCA3	0.489482025
-0.093972455	5.631614075	-1.309920834	0.190796931	0.324525628	-5.586778787	SLC25A44	0.488751001
-0.132972816	5.935733922	-1.30462373	0.19259403	0.326564309	-5.598752667	ARSB	0.486031282
-0.119611576	5.613768759	-1.303542361	0.192962425	0.326934035	-5.600660502	SLC25A30	0.485539865
-0.357701572	6.515594194	-1.279832317	0.201170786	0.336675906	-5.630397529	SLC28A1	0.472787963
-0.090532975	4.613363551	-1.279678334	0.201224917	0.336718648	-5.563961363	ABCB10	0.472732831
-0.149300737	2.533587876	-1.260091329	0.208197636	0.345006489	-5.213860832	SLC9B2	0.462172736
-0.076314418	5.02875123	-1.253383757	0.210625368	0.347949918	-5.633675945	SLC9A8	0.458483262
0.087202132	3.345973222	1.250985595	0.211498322	0.348951491	-5.397090708	SLC38A6	0.457234942
-0.569985286	3.091117849	-1.250623161	0.211630479	0.349071731	-5.28360601	UGT3A1	0.45708532
-0.072146268	5.400914776	-1.236434848	0.21685121	0.354998151	-5.673447595	ABCD4	0.449773909
-0.094393663	5.28780684	-1.228296004	0.219887601	0.358424398	-5.673437755	SLC39A10	0.445602436
-0.157075192	3.484698229	-1.223879817	0.221547914	0.360332797	-5.492800504	SLC19A2	0.443296207
-0.116771487	6.040813198	-1.217739339	0.223871435	0.363108924	-5.704076275	SLC43A2	0.439963077
0.115078202	4.949869322	1.216661978	0.224280898	0.363516281	-5.674804797	SLC27A3	0.439476133
0.121832193	5.485564317	1.213967847	0.225307181	0.36449505	-5.690710354	NQO1	0.438308365
-0.048346773	4.59706244	-1.201814208	0.229978706	0.370058645	-5.638650209	SLC25A17	0.431729446
-0.105633877	2.39456071	-1.193955106	0.233036073	0.37344752	-5.187347842	NAT1	0.42777042
-0.093233903	4.152723948	-1.189746705	0.23468507	0.375291589	-5.633322839	ACSF3	0.425631169
-0.400989382	4.767028887	-1.187797062	0.23545181	0.376090596	-5.691458376	AGXT2	0.424707526
0.134679001	4.09590528	1.18720732	0.235684088	0.376308502	-5.632139782	SLC25A29	0.424455969
-0.06188512	4.743415389	-1.177306186	0.239608102	0.381178524	-5.700101382	CYP20A1	0.418871576
0.082753242	8.954791113	1.176046455	0.240110651	0.381617158	-5.696356425	CYB5R3	0.418372107
0.17900818	4.751470368	1.174778226	0.240617344	0.381907069	-5.705899563	SLC22A17	0.418042303
-0.120035182	2.626254034	-1.167342958	0.243603132	0.38477925	-5.300778069	CHST7	0.414788356
-0.114979972	3.528808194	-1.16062816	0.24632195	0.388084764	-5.517460134	FMO4	0.411073407
0.283293733	6.108228045	1.152555347	0.249618773	0.391759101	-5.78125745	SLC2A5	0.406980906
0.12408681	5.843083428	1.136193622	0.256395211	0.398938619	-5.798463825	SLC43A3	0.39909392
-0.385170264	1.94043894	-1.134616806	0.257054977	0.399384758	-5.176664185	GALNT9	0.398608513
-0.194426026	6.442011688	-1.127111994	0.260211304	0.402684577	-5.811302333	MAOA	0.395035004
-0.069835929	6.085121238	-1.122956232	0.261970634	0.404832457	-5.82265042	SLC25A11	0.392724676
-0.110568952	7.65564395	-1.120037325	0.263211262	0.406429662	-5.808303353	SLC25A5	0.391014604
0.091400899	5.356443288	1.119651859	0.263375401	0.406629797	-5.788326796	HAGH	0.3908008
0.158185206	4.582628804	1.117120347	0.264455127	0.407655501	-5.691085151	SULT1A1	0.389706693
0.103792839	7.692856381	1.116325956	0.264794576	0.407911801	-5.810093048	ALDH2	0.38943373
-0.091004876	5.53395695	-1.113855459	0.265852161	0.409059433	-5.813120187	SLC17A5	0.388213588
-0.382031363	3.920388403	-1.102134316	0.270909539	0.414620096	-5.5742972	SLC23A3	0.382349652
0.060954105	7.658056333	1.088488005	0.276880397	0.420859633	-5.839368034	SLC39A1	0.375862728
-0.07489837	2.661937831	-1.08643955	0.277784391	0.421852582	-5.446018897	NAA80	0.374839288
-0.07234999	5.386756457	-1.073547769	0.283519836	0.427859189	-5.847229761	SLC25A13	0.368699136
-0.075921262	4.064899344	-1.072573797	0.283956393	0.428207617	-5.713113884	ALG10B	0.368345612
-0.0723129	4.171454557	-1.064682692	0.287510192	0.43216433	-5.773065531	SLC26A11	0.364351082
-0.113326426	6.859292384	-1.060508949	0.289401976	0.434398046	-5.886066412	ABCA1	0.362112137
0.05526053	6.915295931	1.056557377	0.291200792	0.436172811	-5.89281117	SLC39A7	0.36034141
-0.17076447	7.830114793	-1.053154704	0.292755769	0.437647207	-5.886271915	CCN1	0.358875839
-0.084814858	3.561810575	-1.050521662	0.293962866	0.438950256	-5.654280905	SLC2A11	0.357584693
0.053771909	5.191368387	1.035641732	0.300847295	0.44651274	-5.88046432	SLC8B1	0.350166145
-0.091119498	7.804902791	-1.027029214	0.304880844	0.450908163	-5.901176424	DPYSL2	0.345911902
0.049654844	7.090072796	1.022751353	0.306897637	0.453207959	-5.92517818	SLC35A4	0.343702472
0.12750641	5.05040889	1.017125582	0.309563361	0.456058006	-5.870916001	TST	0.340979916
-0.068905743	4.268945096	-1.000291762	0.317631299	0.46405456	-5.842283073	DHRS1	0.333430955
-0.093091831	3.373005552	-0.995201599	0.320097836	0.466616191	-5.719948574	CHST10	0.331040196
0.066252988	5.283379637	0.962153112	0.336416742	0.484101336	-5.960234412	SLC9A1	0.315063719
-0.447352486	5.484565849	-0.948999923	0.343058378	0.490791851	-5.742258904	GSTA2	0.309102657
0.243109273	2.20449783	0.936984107	0.349198632	0.496980337	-5.458691729	ABCA12	0.303660794
0.165427422	7.271864051	0.932868713	0.35131765	0.498497907	-6.000627145	ABCC3	0.302336661
-0.311740414	4.435682435	-0.931633985	0.351955002	0.498652468	-5.909371622	SLC39A5	0.302202027
0.073680014	9.249094137	0.928998495	0.353317865	0.500183255	-5.92716053	SLC25A6	0.300870852
-0.283488525	5.170380386	-0.905683312	0.365519991	0.512700044	-5.958040782	FMO1	0.290136645
-0.131545526	4.786029574	-0.896657709	0.370313591	0.517340825	-5.953893877	ABCC9	0.286223249
0.051659041	4.539754377	0.896013682	0.370657131	0.517631332	-5.959836586	SLC25A38	0.285979444
-0.150450736	5.168606898	-0.886590888	0.375706157	0.521978676	-6.009293391	SLC29A4	0.282347239
-0.059711148	3.511534117	-0.883654164	0.37728841	0.523421558	-5.845228556	NAA16	0.281148394
-0.071859616	5.959748308	-0.880394384	0.379049538	0.525122504	-6.050637999	SLC41A1	0.27973937
-0.048636251	3.105612726	-0.879070811	0.379766056	0.525682281	-5.720745592	SLC38A9	0.279276661
-0.091148444	3.874281903	-0.871043641	0.384129445	0.529791835	-5.919597587	GALNT12	0.275894739
0.052957093	4.769512885	0.865556529	0.387129746	0.532484458	-6.000162608	ALG13	0.273693064
0.107952151	7.821234494	0.853429279	0.39381147	0.539199971	-6.057182068	GSTP1	0.26825014
-0.049443027	4.26801159	-0.844035725	0.399034829	0.544167807	-5.941843104	SLC25A20	0.264267155
-0.052931277	6.268940959	-0.830744869	0.406496352	0.551215227	-6.104001608	SLC25A36	0.258678794
0.046840875	5.844309971	0.822217863	0.411327112	0.55603758	-6.104876926	SLC30A7	0.254895855
0.096846542	5.177592012	0.813226709	0.416457656	0.560464155	-6.081726851	SLC4A7	0.251452158
-0.056851143	3.72520043	-0.809758233	0.41844692	0.562178286	-5.875907693	SLC35E3	0.250125933
-0.072805237	5.30055379	-0.806826689	0.420132606	0.563592338	-6.088489216	GALNT10	0.24903492
-0.26403762	3.955440169	-0.785062962	0.432771661	0.575254159	-5.917250158	SLC2A2	0.240140233
0.074232677	8.298207641	0.784842799	0.432900636	0.575295733	-6.091622352	SLC38A1	0.240108847
-0.092791889	5.157775461	-0.759328847	0.447997517	0.588846737	-6.127253443	GSTM2	0.229997727
0.189556621	2.607403389	0.749791001	0.453717286	0.594753069	-5.713955895	SLC23A1	0.225663308
0.086364618	5.307771817	0.726051401	0.46813162	0.606844919	-6.150009333	CHST3	0.21692228
0.095269606	8.116513101	0.721938064	0.47065478	0.609243938	-6.153182373	SLC2A1	0.215208783
0.040332683	2.756915718	0.719256155	0.472303936	0.610610541	-5.74072125	SLC25A14	0.214235703
0.045122731	6.362887335	0.718296909	0.472894567	0.610934546	-6.188773686	GALNT1	0.214005316
-0.112710643	6.605142902	-0.712179537	0.476670762	0.614196014	-6.189560795	SULF1	0.211693006
0.10108442	6.424107174	0.710909787	0.477456637	0.614699818	-6.192199626	CHST15	0.211336915
-0.045954632	6.847947118	-0.707845279	0.479356251	0.616509617	-6.195141512	HSD17B4	0.210060144
-0.054259215	4.981181474	-0.68541597	0.493384754	0.629396907	-6.156329448	SLC26A2	0.201075396
0.072374953	5.780327148	0.671363081	0.502285281	0.637309623	-6.216743375	SLC6A6	0.195649524
-0.038962979	4.809382376	-0.655141342	0.512664422	0.644850585	-6.15135808	SLC35A1	0.190540902
-0.124811438	2.22398157	-0.654231859	0.513249637	0.645253784	-5.611664901	SLC25A34	0.19026944
-0.09060123	2.795521092	-0.652480807	0.514377348	0.64577111	-5.827348611	SLC49A3	0.189921388
-0.036589324	3.375370819	-0.630487054	0.528650998	0.658785206	-5.882016868	ALG14	0.181256162
-0.090422241	6.685998184	-0.622042718	0.534184498	0.663057634	-6.247849974	SLC16A4	0.17844872
-0.038304949	4.894395315	-0.617550781	0.537139929	0.665673676	-6.186768248	DHRS7B	0.176738617
-0.047345472	6.361419057	-0.615106041	0.538751881	0.666864078	-6.253629362	CBR1	0.175962676
0.059156729	5.645418458	0.606548646	0.544413333	0.671789168	-6.229151896	NQO2	0.172767003
-0.068643673	4.841011435	-0.598635011	0.549675142	0.675733209	-6.184708384	CHST2	0.170224737
-0.119155244	7.675553239	-0.593932262	0.552813883	0.67876425	-6.257786166	MAOB	0.16828104
-0.072553401	4.159083922	-0.593614092	0.553026555	0.678861136	-6.073128584	AS3MT	0.168219053
-0.052675014	2.611109008	-0.57693792	0.564229309	0.689022042	-5.821888648	DHRS11	0.161766885
0.089396525	4.182013991	0.569339232	0.56937006	0.693215259	-6.181113178	SLC1A3	0.159131886
-0.034473906	5.476382332	-0.569241206	0.569436524	0.693224514	-6.251611996	NAA15	0.159126088
-0.175482872	4.986399675	-0.5659899	0.571643088	0.694912736	-6.17604137	DPYS	0.158069729
-0.054813637	3.528239731	-0.562187914	0.57422854	0.697184487	-6.035972572	GPX7	0.156652285
0.12052437	3.018508967	0.533896524	0.593639672	0.715148775	-5.7885738	CHST1	0.145603601
-0.052093059	3.560075947	-0.531221958	0.59549021	0.716595004	-6.052435784	GSTZ1	0.144726224
0.056082251	5.196799025	0.530904244	0.595710212	0.716616871	-6.259572479	ACSL5	0.144712972
0.050928728	5.2202717	0.526292364	0.598907902	0.718462889	-6.26695622	SLC46A3	0.14359566
0.034447175	5.340833145	0.5193792	0.603715768	0.722263369	-6.277108753	CHST14	0.141304411
-0.025773233	6.719876534	-0.501839703	0.615991198	0.731428068	-6.318101429	SLC35E1	0.135828378
0.051541431	2.662921262	0.481663798	0.630246012	0.742775443	-5.834292738	GALNT6	0.129142463
0.065091844	4.992115787	0.472946586	0.636448344	0.747342075	-6.259949566	HSD17B14	0.126480566
0.038453164	6.234301266	0.470046167	0.638517712	0.748986364	-6.327777916	HSD17B11	0.125526089
0.059643268	3.503265424	0.46907297	0.639212695	0.749577608	-6.089843614	ACSF2	0.125183396
-0.053345526	6.313841712	-0.450875199	0.652266123	0.760191799	-6.340250836	SLC22A5	0.11907682
-0.096956539	6.986675036	-0.450602972	0.652462221	0.76026987	-6.33846228	GGT1	0.119032221
0.06900712	2.980391669	0.44578547	0.655936456	0.762794255	-5.873455372	SLC16A13	0.117592587
0.067510473	5.467506789	0.432707988	0.665405066	0.769111342	-6.329346913	GAMT	0.114010784
-0.033644388	6.122109982	-0.428060757	0.668782871	0.77203057	-6.346873593	TPMT	0.112365503
0.013800156	5.105715788	0.410247063	0.681792502	0.782111637	-6.309880238	ALG9	0.106731252
-0.050700555	2.403051429	-0.403487516	0.686754309	0.785538607	-5.786191027	SLC43A1	0.104832466
-0.023815808	5.688287642	-0.401469444	0.688238304	0.787083172	-6.342092861	SLC30A5	0.103979373
-0.04319876	4.627534072	-0.374777368	0.707977768	0.801639667	-6.284731384	SLC25A10	0.096020801
-0.064705288	2.668937133	-0.360758335	0.718425586	0.810195752	-5.859977941	SLC6A1	0.091410038
-0.134268758	1.896128983	-0.358913302	0.719804604	0.811131836	-5.953882873	GSTM1	0.090908553
0.060280159	6.01100859	0.354161937	0.723360081	0.813548668	-6.364439825	ALDH4A1	0.089616462
-0.060898685	2.860564949	-0.353741373	0.723675081	0.813611229	-5.848171313	SLC26A1	0.089583066
-0.067180589	4.606563715	-0.353665446	0.723731955	0.813611229	-6.300245179	SULT1C2	0.089583066
0.02434631	3.470038639	0.315101164	0.75281036	0.835950997	-6.159206224	SLC38A7	0.07781918
0.057720947	2.771708883	0.301198507	0.763382682	0.843373156	-6.059139303	SLC22A3	0.073980226
-0.027021906	7.599646942	-0.283001587	0.77728745	0.853344531	-6.380328686	SLC9A3R1	0.068875591
0.031442976	3.609366405	0.28120919	0.778661029	0.854481079	-6.109993296	DHRS13	0.06829755
-0.058639648	4.737906505	-0.271324195	0.786248617	0.859444029	-6.345734634	ABCB1	0.065782401
0.026849777	3.968919703	0.257185914	0.797136275	0.867995551	-6.2814846	FLVCR2	0.061482501
-0.015569214	7.746432682	-0.244910693	0.806621518	0.875606493	-6.371543451	SLC38A2	0.057691027
-0.008975067	6.36309913	-0.239071733	0.811143491	0.878745	-6.41288506	CYB5B	0.056137133
0.014520203	5.461353827	0.21747051	0.82792639	0.889683828	-6.38969332	SAT2	0.050764304
0.029268503	6.926238469	0.197188889	0.843756234	0.9023717	-6.420397687	SLC2A3	0.044614533
0.011101811	8.399422047	0.190535518	0.848963352	0.905637807	-6.370615133	SLC25A3	0.043045456
-0.013499981	6.395979649	-0.187288363	0.851507085	0.906708765	-6.422164603	SLC35E2B	0.042532186
-0.014804366	4.538986527	-0.18437822	0.85378813	0.9083648	-6.328150754	SLC27A4	0.041739703
0.009177028	4.566815574	0.183745566	0.854284183	0.908550356	-6.32028412	SLC25A32	0.041650997
-0.013903485	6.443336496	-0.180442844	0.856874727	0.909786696	-6.425560312	ACSL4	0.041060418
0.007473005	5.100876245	0.176735912	0.85978416	0.912058913	-6.378376957	SLC4A1AP	0.039977108
-0.053739674	3.348249223	-0.17041976	0.864745852	0.915055671	-5.984483258	SLC7A9	0.038552483
0.022807909	3.222234953	0.156738753	0.87551115	0.921932655	-6.193308882	SLC39A4	0.035300802
0.009229289	3.889524063	0.156760816	0.875493771	0.921932655	-6.228089785	SLC25A26	0.035300802
0.012083272	5.26680746	0.137933888	0.890345687	0.931595402	-6.409925507	SLC35D1	0.030772664
0.013626959	5.045729231	0.134303226	0.893214401	0.933609677	-6.401218475	ABCC5	0.029834655
-0.013061251	6.09341978	-0.132286153	0.89480877	0.934980293	-6.416766312	ACSS1	0.029197543
-0.025954918	4.350951203	-0.121293377	0.903505191	0.941394376	-6.234064697	MGAT3	0.026228401
-0.025324728	4.722449683	-0.114882074	0.908582628	0.944762282	-6.357064579	ABCC6	0.024677454
-0.006860886	5.698728882	-0.111206934	0.911494861	0.946370006	-6.428630733	SLC11A2	0.023939033
0.013425715	5.921989165	0.111019683	0.911643273	0.946440658	-6.431533514	SLC7A1	0.023906611
-0.010781909	7.495282486	-0.106484428	0.915238788	0.949252946	-6.42162327	SLC37A4	0.022618046
-0.006468975	6.482600854	-0.10476152	0.916605156	0.950084397	-6.435701326	NAA50	0.022237814
0.006450968	3.174738969	0.103132266	0.917897478	0.950921763	-6.108870539	CYP2R1	0.021855213
-0.005997117	5.128943298	-0.100789014	0.919756523	0.952161753	-6.39670865	SLC35D2	0.021289268
0.038995571	3.196794651	0.086312252	0.931251189	0.958432688	-6.108130523	SLC34A2	0.018438383
0.008999312	3.407123728	0.07885023	0.93718187	0.961920112	-6.041693766	SLC35G2	0.016860995
-0.010532503	4.661937269	-0.076886774	0.938742984	0.962802047	-6.316777199	ACSM3	0.016462995
0.007170797	4.969055861	0.076241248	0.939256284	0.963136374	-6.394029062	DPYD	0.016312215
-0.013276618	7.632742456	-0.069244619	0.944821339	0.966234883	-6.411836662	GALNT14	0.014917288
0.00474243	5.930164003	0.068052568	0.945769763	0.966701137	-6.431815002	ACSS2	0.014707771
0.003469701	5.344609849	0.067821286	0.945953785	0.966805322	-6.400469592	MGAT2	0.014660968
-0.005615297	3.139126377	-0.066108591	0.9473166	0.967452093	-6.098226897	SLC25A15	0.014370531
0.004987967	6.378236928	0.06304271	0.949756549	0.968842172	-6.438443065	SLC39A6	0.013746965
0.002907135	5.96342789	0.054500766	0.956556983	0.972902659	-6.428281564	ABCE1	0.01193061
-0.009029601	5.696988416	-0.053192388	0.957598905	0.973469341	-6.406469075	SLC7A2	0.011677722
0.004119128	4.012095545	0.050351932	0.959861139	0.975192153	-6.231397847	CYB5R4	0.010909802
-0.001060092	5.159127708	-0.013795471	0.98899841	0.993723596	-6.399771732	GSTM4	0.002734398