logFC	AveExpr	t	P.Value	adj.P.Val	B	Symbol	neglogpadj
-1.234067654	3.035746609	-5.949040686	8.16E-09	9.56E-06	9.765817512	FMO5	5.019542108
-2.696607716	5.089335227	-5.243894536	3.13E-07	0.000117996	6.399787818	SLC6A20	3.928132715
-0.781292035	7.195055591	-4.809337837	2.49E-06	0.000393062	4.432285573	SLC37A4	3.40553894
-1.338613251	6.675464491	-4.745098316	3.35E-06	0.000461121	4.158245514	CYP27A1	3.336185099
-2.619845837	3.507076655	-4.730567748	3.58E-06	0.000481643	4.147119112	SLC15A1	3.317274747
-0.750623338	8.279787726	-4.541408586	8.36E-06	0.000855693	3.314360113	GSTK1	3.067682021
-3.228961188	6.390037349	-4.427076726	1.38E-05	0.001119319	2.868315389	SLC22A2	2.951046124
-1.540309507	5.991875917	-4.406567454	1.51E-05	0.001163	2.759946893	SLC39A8	2.934420285
0.544284044	3.902629692	4.374403235	1.73E-05	0.001293663	2.711478771	SLC25A32	2.888178843
-0.473026712	5.632805182	-4.268045936	2.71E-05	0.00174668	2.21690977	ALG12	2.757786653
-0.628518238	5.650023708	-4.220099956	3.32E-05	0.00202695	2.024553058	CYB5D2	2.693156964
0.45368534	6.537275079	4.196309766	3.66E-05	0.002181952	1.926991912	ALDH18A1	2.661154808
-0.586049959	5.022512004	-4.185459275	3.83E-05	0.002250334	1.912504573	CBR4	2.647753018
-0.948797808	5.623170398	-4.080358727	5.89E-05	0.002915872	1.506651931	NQO2	2.535231544
0.518406708	6.347667871	4.06205673	6.35E-05	0.003019706	1.418376507	NAA50	2.520035338
-0.601248796	6.603112386	-3.949400574	9.96E-05	0.003845626	1.002423122	SLC12A4	2.415032955
-1.333479784	6.867799074	-3.947174531	0.000100432	0.003867128	0.99572425	MAOB	2.412611453
-0.864513782	5.188120804	-3.915524345	0.000113764	0.004198856	0.905027312	FAAH	2.376869019
-2.827065054	6.185306819	-3.848364919	0.000147816	0.004889756	0.669764987	NAT8	2.310712812
-0.918534656	5.598508494	-3.826194902	0.000161033	0.005197768	0.574215229	SLC46A3	2.284183109
-0.593101784	7.106466657	-3.821982562	0.000163668	0.005212556	0.54704348	SLC25A11	2.282949266
1.956472768	2.939618732	3.708032783	0.000252504	0.006903516	0.315338899	ABCA12	2.160929664
-0.736829994	3.92266797	-3.66270253	0.000299169	0.007668138	0.125264618	DHRS11	2.11531008
-0.63428211	4.431631512	-3.636452426	0.000329787	0.00819337	0.016459545	SLC2A11	2.086537433
-1.043729108	6.075008716	-3.664683077	0.00029697	0.007664267	0.006472775	SLC22A18	2.115529374
-0.630894006	9.033563623	-3.499591375	0.00054317	0.011099764	-0.523924013	GPX1	1.954686255
-1.232769789	2.113892725	-3.433899642	0.000686429	0.012665627	-0.555865183	SLC23A3	1.897373306
0.653317212	2.110436222	3.435344589	0.00068293	0.012665627	-0.556196829	SLC35G1	1.897373306
-1.305339497	3.726492953	-3.409123717	0.000749099	0.013368796	-0.642129717	SLC49A3	1.873907704
-0.65487012	6.138307295	-3.469332505	0.000605275	0.01184341	-0.647800417	SLC43A2	1.926523236
1.608322758	6.126985514	3.454010489	0.000639199	0.012357833	-0.661053308	NQO1	1.908057678
0.548631029	5.757927966	3.451347094	0.000645275	0.012403158	-0.69249219	SLC44A1	1.906467724
-0.478544005	8.747239362	-3.445335366	0.000659187	0.01249014	-0.702520385	CYB5R3	1.903432694
-1.175907161	3.711957726	-3.389813096	0.000801607	0.013760302	-0.777999577	SLC22A3	1.861372034
-2.216046723	6.021169593	-3.39117842	0.000797784	0.013757418	-0.872687362	GLYAT	1.861463067
-0.295314794	7.418365816	-3.389241849	0.000803211	0.013760302	-0.905667995	SLC35A4	1.861372034
-1.634003136	5.175044049	-3.368008531	0.000865015	0.014472382	-0.954920559	SLC28A1	1.839459983
-0.847093493	4.34881964	-3.322457875	0.001012848	0.01604346	-0.96065515	ABCA5	1.794701964
-1.259626149	3.03518034	-3.307309262	0.001067008	0.016465754	-1.017782065	CHST13	1.783418377
-0.419935568	5.492797899	-3.340454611	0.000951833	0.015507754	-1.022891915	MGST2	1.809451097
-0.634698314	4.334167046	-3.292948426	0.001120828	0.017032892	-1.147302529	SLC25A42	1.768711607
-2.801746594	7.327019775	-3.297408565	0.001103849	0.016860445	-1.174198983	SLC34A2	1.773130967
-1.534702539	2.685494431	-3.230283845	0.001386532	0.019556798	-1.238742069	ABCA8	1.70870225
-0.505323712	4.513112823	-3.206505255	0.001501827	0.020600659	-1.352072888	SLC2A8	1.686118887
-1.370168967	2.439334052	-3.15040034	0.001809942	0.02355875	-1.450487049	FMO2	1.627847756
-0.926044048	8.720494013	-3.197381212	0.001548377	0.021094217	-1.461250222	GALNT11	1.675836591
0.371840634	5.50692587	3.201828491	0.001525523	0.020830259	-1.466541891	ABCE1	1.68130533
-0.965745716	2.384095341	-3.094538815	0.002173862	0.026176625	-1.57456406	ACSM1	1.582086349
-0.579018705	6.244105082	-3.15419813	0.001787369	0.023333476	-1.629032192	TST	1.632020559
-0.579063962	6.182089683	-3.125549119	0.001964268	0.024996926	-1.712393026	SLC25A4	1.602113395
-0.407486475	6.244175489	-3.112891764	0.002047456	0.025513985	-1.751423029	SLC41A3	1.593221704
-1.665816634	2.008673597	-3.034642641	0.002638128	0.029360205	-1.779473612	SLC5A8	1.532240916
1.060063622	5.737735518	3.082291823	0.002262173	0.026847896	-1.82307651	SLC2A1	1.571089743
0.575608266	5.365473037	3.080895613	0.002272449	0.026867133	-1.827059896	GPX8	1.570778675
-1.076519128	6.944575242	-3.073544325	0.002327261	0.027136269	-1.847773318	ALDH4A1	1.566449864
0.797780054	4.873598993	3.021746033	0.002749328	0.029964687	-1.895967985	SLC7A1	1.523390254
0.380279667	4.427774234	3.002106893	0.002926956	0.031211305	-1.915707261	SLC35A1	1.505688072
-0.613945681	8.327958451	-3.04128834	0.002582454	0.029037449	-1.950700931	SAT1	1.53704154
-0.37079691	5.676261871	-2.993177041	0.003011154	0.031769669	-2.077201005	DHRS7B	1.49798731
-2.220954692	4.239473368	-2.941657683	0.003541844	0.035368259	-2.131760925	SLC13A1	1.451386318
-0.965856922	1.784258912	-2.842586081	0.004809371	0.043075705	-2.145258793	SLC6A16	1.365767606
-0.959238069	4.989288344	-2.946421452	0.003489404	0.035025662	-2.164314941	SLC15A3	1.455613648
-0.396142328	5.996951489	-2.952069853	0.003428147	0.034760428	-2.198187206	CYB5R1	1.458914885
-0.421195489	5.880764747	-2.951624272	0.003432944	0.034779612	-2.206884094	ABCB8	1.458675267
0.685784525	5.175561284	2.922180945	0.003763828	0.036793342	-2.263740133	GALNT10	1.434230763
0.374747899	4.957867916	2.913077626	0.003871881	0.037512764	-2.271356474	NAA15	1.425820935
0.485969671	3.915825174	2.879745222	0.004292142	0.040311345	-2.284795721	UCHL5	1.394572711
-1.628621476	5.226120206	-2.91454076	0.003854325	0.037403198	-2.294254856	SLC22A11	1.427091264
-0.628103131	6.070959957	-2.9126818	0.003876643	0.037520399	-2.319961959	ABCA1	1.425732552
-0.362106636	3.202969468	-2.761555451	0.006139053	0.050805227	-2.436201247	CCBL1	1.294091604
-1.611733856	5.99875549	-2.838657299	0.004867248	0.043403656	-2.500114263	SLC16A9	1.362473687
-1.75826716	2.471315195	-2.708552395	0.007180461	0.056016953	-2.547615028	SLC5A1	1.251680518
-0.821868412	4.16879558	-2.771423511	0.005960995	0.049935402	-2.584442863	AS3MT	1.30159145
-0.371611525	5.147755889	-2.793590419	0.005577959	0.047575543	-2.600326745	SLC9A8	1.322616246
-0.413270213	6.164270762	-2.80825099	0.005337045	0.046012323	-2.602629911	HAGH	1.33712584
-0.434810956	4.405135251	-2.763711335	0.006099746	0.050674565	-2.639921632	SLC25A20	1.295209971
-0.542082034	5.991327194	-2.779460637	0.005819445	0.049177455	-2.678315354	EPHX2	1.30823395
-1.693515133	6.896483878	-2.764883566	0.00607847	0.050653915	-2.690894674	SLC47A1	1.295386983
0.42355963	6.064396674	2.765120752	0.006074173	0.050653357	-2.716657172	ABCC1	1.295391767
-0.481650479	3.550739115	-2.659161095	0.008291711	0.060878749	-2.738669504	SLC25A35	1.21553428
-0.884043446	4.528268969	-2.720780525	0.006926972	0.054825175	-2.798743187	ACSM5	1.261019973
-0.278566316	4.836184173	-2.687318619	0.007640595	0.057982337	-2.814036482	ALG9	1.236704284
1.260121289	3.170341598	2.544885768	0.011476672	0.074977164	-2.850523307	DPYSL3	1.125070991
0.413939476	5.102272683	2.677102726	0.007871303	0.059096458	-2.914460514	SLC20A2	1.228438548
0.955072618	4.76122193	2.620175755	0.009275585	0.065686061	-2.954760446	SLC7A5	1.182526781
-0.562892769	4.554242627	-2.627929247	0.009071947	0.064712722	-2.98809421	FLVCR2	1.189010332
-1.686663567	3.195480145	-2.487728919	0.013447303	0.083263422	-3.073587122	SLC5A10	1.079545744
-1.394227198	5.99827692	-2.614410758	0.009429645	0.066243686	-3.095838206	SLC6A13	1.17885551
-0.425548238	4.736646467	-2.582336471	0.010329425	0.070413782	-3.135232292	GSTZ1	1.152342329
0.192052686	5.700920668	2.59072286	0.01008703	0.069220156	-3.140092324	NAT10	1.159767426
-0.454233045	5.858814252	-2.580193289	0.0103922	0.070628035	-3.184767117	MTHFR	1.151022876
0.391971099	4.520391291	2.5154087	0.012458242	0.079228594	-3.189144109	NAA25	1.101118051
0.393802337	5.219031194	2.556350323	0.011113948	0.073462849	-3.21212267	SLC39A10	1.133932233
-0.900793055	4.871318332	-2.496116874	0.013140459	0.081999479	-3.216328055	GSTM2	1.086188907
0.27623601	5.13354291	2.541505123	0.011585629	0.075319169	-3.234899783	MGAT2	1.12309448
-0.540524131	6.554471329	-2.556695409	0.01110319	0.07345895	-3.242903315	SLC22A5	1.133955284
0.274183632	5.012275399	2.5271638	0.012058178	0.077590912	-3.265673629	SLC4A1AP	1.110189143
-0.356986211	7.843499577	-2.534660112	0.011809073	0.076439809	-3.285179172	SLC4A2	1.116680407
-0.474925296	3.324055097	-2.366548654	0.018646143	0.101695637	-3.305890608	CYP2R1	0.992697679
1.073152879	4.850801683	2.443816258	0.0151599	0.089693581	-3.378795844	CYP1B1	1.047238637
-0.611185217	5.315636147	-2.465779115	0.014280592	0.086151178	-3.43043063	ABCG1	1.06473878
-0.335381311	5.540993697	-2.45731332	0.014614025	0.087535226	-3.45993251	SLC27A4	1.057817143
-0.816396975	5.174746505	-2.445524482	0.015089829	0.089500103	-3.486410222	SLC2A9	1.048176465
0.341322972	6.313064995	2.43471143	0.01553826	0.0909881	-3.534825506	GALNT2	1.041015404
0.225462947	5.306640412	2.41077634	0.016573038	0.094912545	-3.552660031	SLC35A2	1.022676381
-0.834766021	5.903693897	-2.412180123	0.01651071	0.094736823	-3.57369585	SLC6A12	1.023481183
-1.528986944	4.970075397	-2.402184579	0.016959062	0.096319853	-3.581776632	FMO1	1.016284189
-0.546121976	7.368861628	-2.385260722	0.017742711	0.098913601	-3.638291129	ACSS2	1.004743987
-1.601278659	3.344288436	-2.285317882	0.023053493	0.115847913	-3.654653435	SLC22A12	0.936111786
-2.430087795	1.986133796	-2.099203795	0.036708131	0.154076365	-3.654955002	SLC6A19	0.812263976
-0.401949356	5.447021526	-2.362512788	0.018846221	0.10246343	-3.687002991	SLC12A6	0.98943111
-0.287087446	5.774166571	-2.338578192	0.020072022	0.106590892	-3.746894087	ABCD4	0.972279903
-0.860525107	9.147335598	-2.315183125	0.021337251	0.110564075	-3.75767454	SLC3A1	0.956385963
-1.403241776	4.871993872	-2.303749254	0.021980627	0.112582553	-3.801375346	SLC39A5	0.948528907
-0.501112712	3.986043783	-2.233392981	0.026325404	0.125048279	-3.807750551	FMO4	0.902922281
0.673883481	4.375247193	2.230215665	0.026538107	0.125759331	-3.81795669	SLC12A8	0.900459782
-0.501474174	4.16476707	-2.238301041	0.025999749	0.124092065	-3.847176613	SLC25A43	0.906255988
0.301814151	4.658727469	2.258293543	0.024709145	0.120967008	-3.852272302	NAA30	0.917333061
-1.297154988	3.477449865	-2.255179363	0.024906435	0.121373263	-3.856780388	AGXT2	0.915876972
0.411142063	4.963093396	2.222604793	0.02705369	0.127446083	-3.870693864	SLC35F2	0.894673508
0.466954647	3.105778754	2.153887624	0.032115697	0.14086099	-3.892151808	SLC30A6	0.851209264
-0.253189405	6.500212899	-2.247421842	0.025403866	0.122612492	-3.955877786	HSD17B10	0.911465281
-0.5381805	8.974514435	-2.216056948	0.027504196	0.128736529	-3.964868459	ALDH2	0.890298205
0.801389803	1.855173394	2.049400827	0.041369076	0.165034627	-3.967164984	MGAT5	0.782424924
-0.772590162	7.798790129	-2.233915955	0.026290536	0.12493221	-3.98192124	GGT1	0.903325577
-0.294011233	4.884842168	-2.209486246	0.027962801	0.129990116	-3.982967789	DHRS1	0.886089669
0.996447479	2.549480345	1.97286529	0.049509713	0.182818011	-3.993480028	SLC7A2	0.73798102
0.470284648	5.525243308	2.195695492	0.028946927	0.132710358	-4.045187278	SLC17A5	0.877095179
-0.30535871	4.957643596	-2.161191994	0.031541423	0.139478782	-4.049259331	ABCD1	0.855491854
-0.463545389	2.502925118	-2.033588292	0.042950584	0.168669071	-4.070168084	SLC22A4	0.772964547
-1.310627872	3.127061279	-2.025997191	0.043727891	0.170234555	-4.166043882	DPYS	0.76895228
0.29468189	4.954332793	2.097287341	0.036878793	0.154521886	-4.212455465	SLC35B3	0.81101
-0.32745173	5.588470918	-2.090899695	0.037452535	0.155595541	-4.259359766	GSTM4	0.808002853
0.2347066	3.349152758	1.907377399	0.05751074	0.199482417	-4.273368458	SLC38A9	0.700095378
-1.152779136	4.958850402	-2.063256038	0.040024358	0.161868184	-4.27789967	AOX1	0.790838506
-0.326324511	8.537021975	-2.058537458	0.040478073	0.163179868	-4.323474156	GPX4	0.787333423
-0.338445046	4.112856698	-1.936521734	0.053825558	0.191662521	-4.360672755	SLC1A4	0.717462804
-0.617858289	7.470605019	-2.035886933	0.042717538	0.168104673	-4.370029472	SLC9A3R1	0.774420214
0.450731595	6.903142784	2.031436529	0.043169716	0.169106102	-4.397759837	ABCA3	0.771840721
-0.766424747	4.92300811	-1.990637398	0.04750784	0.177894429	-4.408419763	SLC39A4	0.749837652
-0.672926027	3.316013967	-1.914911982	0.056538367	0.197851239	-4.410479166	SLC1A3	0.703661226
-0.856166279	5.00669382	-2.012515094	0.045137873	0.172807821	-4.415028167	ABCC6	0.762436606
0.612047998	2.918225919	1.663778939	0.09729273	0.2732365	-4.439715692	SLC22A23	0.563461286
-0.59569178	3.55762857	-1.805597818	0.072071821	0.227816596	-4.470440046	GPX7	0.642414642
-0.363042864	5.930241927	-1.978550078	0.04886177	0.181417463	-4.480738277	SAT2	0.741320911
0.305103812	3.918565113	1.898052532	0.058733478	0.201645228	-4.487615473	SLC19A1	0.695412051
-0.26975764	5.272412415	-1.97600299	0.049151193	0.18192405	-4.489475972	ACSF3	0.740109884
-0.314387005	5.309750878	-1.93982751	0.053420357	0.191169712	-4.536491416	CHST14	0.718580914
0.323247611	3.284624983	1.807332814	0.071800283	0.227522727	-4.559349009	SLC35A3	0.642975216
-0.289232625	6.141049973	-1.93054114	0.054565177	0.193261754	-4.584789587	SLC12A9	0.713854083
-0.201816136	4.834753068	-1.871930838	0.062274767	0.20871546	-4.614992573	CYB561D2	0.680445381
0.698947086	4.464951929	1.883013482	0.060751187	0.205739666	-4.617309896	ACSF2	0.68668197
-1.230267496	6.742081916	-1.890930869	0.05968187	0.203662585	-4.634197871	SLC44A4	0.691088748
0.196021149	5.22771415	1.85411615	0.064790356	0.214445691	-4.655292269	SLC10A3	0.668682676
-0.898962656	2.722045132	-1.754187677	0.080509301	0.24300499	-4.705534923	SLC2A2	0.614384808
-0.613106564	3.056598951	-1.52751903	0.12777835	0.321797212	-4.70701933	SLC11A1	0.492417723
0.762446668	2.358306171	1.395480462	0.163993869	0.375375609	-4.71041492	SLC16A5	0.42553395
-0.494758748	4.138673058	-1.730076789	0.08473557	0.251227643	-4.711114285	COMTD1	0.599932576
-0.259394829	5.365126811	-1.829369806	0.068424107	0.221327989	-4.737571898	SLC25A12	0.654963662
0.258525468	6.592749994	1.844231097	0.066222204	0.216966045	-4.747801823	DHRS7	0.663608228
-0.245518899	3.365802819	-1.599673276	0.110816306	0.296210997	-4.756799254	NAA80	0.528398822
0.241092796	3.648484493	1.695505906	0.091108371	0.262405093	-4.760705936	SLC25A15	0.58102774
-1.169178341	6.304120901	-1.822624718	0.069443266	0.223243787	-4.768915513	UGT2A3	0.651220619
0.258045589	4.857036462	1.747329183	0.081693592	0.245592093	-4.775579025	DHRSX	0.60978562
-0.329259116	7.515200451	-1.804146909	0.072299546	0.227958678	-4.808990625	SLC12A7	0.64214387
-0.247180248	2.710566299	-1.416577791	0.157735234	0.36712914	-4.815991977	SLC25A14	0.435181143
-0.235448763	6.903153347	-1.804720836	0.072209395	0.227914472	-4.818921096	GUSB	0.642228097
-0.248300376	6.735547583	-1.787100021	0.075019744	0.233400906	-4.849620428	SLC25A1	0.631897462
0.361726656	3.667097653	1.667274121	0.096595315	0.272235562	-4.869955961	SLC30A1	0.565055144
-0.495575151	2.837330795	-1.427523337	0.154560697	0.36341338	-4.885931435	SLC9A9	0.439599087
0.401750083	5.989627475	1.755793625	0.080234029	0.242504416	-4.890450406	SLC39A14	0.615280348
0.637851031	6.192964076	1.718921571	0.086751073	0.255056247	-4.920895879	CCN1	0.593364035
-0.270239319	4.922302006	-1.648575502	0.100373581	0.27836351	-4.925593824	SLC25A28	0.555387696
0.449321818	7.167557682	1.734036388	0.084029382	0.250299598	-4.937131612	EPHX1	0.601539848
-0.381222516	2.172107952	-1.203562712	0.229790977	0.450849514	-4.943498057	SLC2A6	0.345968394
0.300359479	5.219448362	1.682240777	0.09365428	0.267083074	-4.955579587	SLC23A2	0.573353634
0.666220591	2.417148041	1.086989766	0.277990679	0.502329618	-4.971609154	SLC4A3	0.299011215
0.261134385	5.692243133	1.704064688	0.08949563	0.259619711	-4.976005653	ACSL3	0.585662338
0.558740672	9.727758925	1.662787327	0.097491327	0.273601744	-4.978214673	ALDH1A1	0.562881139
0.196557967	6.721148317	1.702815373	0.089729589	0.25992046	-4.991943284	SLC35B2	0.585159533
0.301541262	6.034440827	1.69689678	0.090844699	0.26195259	-4.992884498	SLC39A6	0.581777303
0.597375277	5.647417127	1.654152602	0.099234469	0.276686906	-4.995965714	UCP2	0.558011393
-0.20342617	5.063116696	-1.643568036	0.101405254	0.279799059	-4.996949198	SLC26A11	0.55315375
0.469366797	4.64468143	1.559647443	0.119990278	0.310074144	-5.000717467	CHST15	0.508534447
0.226022647	5.234303638	1.663841201	0.097280271	0.2732365	-5.01044692	SLC30A5	0.563461286
0.502361522	2.403583158	1.124903832	0.261608107	0.484871859	-5.014075298	CYP26B1	0.314373021
0.971055889	3.715493074	1.04832345	0.295407677	0.520527801	-5.016578586	SLC29A4	0.28355607
0.445394506	5.881892586	1.682744279	0.093556608	0.266977871	-5.017085154	GSR	0.573524735
0.610855687	2.814851038	1.113410581	0.266501857	0.490267103	-5.033375575	SLC29A2	0.309567247
-0.235200735	7.955134746	-1.664001689	0.097248163	0.2732365	-5.044072431	SLC25A39	0.563461286
1.48502076	4.967316258	1.11880075	0.264198927	0.487560819	-5.063214167	UCHL1	0.311971202
0.333577718	5.210966355	1.615257694	0.107398601	0.290906639	-5.073628597	ABCB6	0.536246367
0.368989483	6.3426044	1.635244592	0.103138877	0.282873483	-5.092065412	ACSL4	0.548407762
-0.259069006	5.812569961	-1.620173408	0.106338159	0.288973136	-5.108124758	SLC9A1	0.539142529
-0.275199098	5.436309938	-1.5838197	0.114381064	0.301418823	-5.119055104	SLC27A1	0.52082963
1.131536217	1.875355142	0.902066887	0.367808681	0.590656613	-5.123778491	UGT3A1	0.228664929
-0.22880577	6.998770336	-1.614017995	0.107667361	0.29123936	-5.134652085	SLC39A13	0.535749932
0.209069682	5.766351177	1.594518621	0.111965551	0.298217854	-5.146596227	ALG3	0.525466359
-0.242004068	3.991193042	-1.399687361	0.162731082	0.373848819	-5.147966762	SLC25A19	0.427303987
0.272825042	5.10038008	1.563753863	0.119022393	0.308638622	-5.16432373	GALNT7	0.510549729
-0.463477104	6.188982069	-1.584272568	0.11427799	0.301360699	-5.172991743	SLC1A1	0.520913385
0.311117523	6.731616564	1.583733401	0.114400714	0.301418823	-5.179001087	PON2	0.52082963
0.169807069	4.955244408	1.510563301	0.132044937	0.327521408	-5.19474037	SLC5A6	0.484760308
-0.518585976	5.402880895	-1.554008035	0.121329577	0.312400928	-5.199851927	SLCO2B1	0.505287685
-0.384004393	2.226157681	-1.17201679	0.242202037	0.463317795	-5.206873296	ABCB4	0.334121019
0.210318673	2.276114501	1.118312976	0.264406757	0.48779401	-5.216706996	SLC25A33	0.311763537
-0.386809726	5.619398466	-1.525114026	0.128376879	0.322355446	-5.218300816	SLC22A17	0.491664988
-0.248052411	3.640691301	-1.315655934	0.18938248	0.405771192	-5.219865794	SLC26A6	0.391718789
-0.313599744	2.468431987	-1.044053586	0.297375113	0.522155535	-5.236092727	GALNT6	0.282200114
-0.131211668	6.305835748	-1.546780202	0.123063266	0.314956746	-5.236547959	ABCF3	0.501749085
0.233096108	5.384859623	1.528312872	0.127581268	0.321436098	-5.241363223	SLC39A11	0.492905353
0.875977858	4.848248181	1.279523682	0.201788374	0.420465596	-5.24421193	SULF1	0.376269534
-0.743912277	5.636298294	-1.526210696	0.128103681	0.322074655	-5.260976878	ALDH8A1	0.49204345
0.247169135	3.90183536	1.327421369	0.185467395	0.401090933	-5.263640272	ALG10B	0.396757156
-0.569558283	2.705767395	-0.754017971	0.451481891	0.66394953	-5.276373295	SLC4A11	0.177864932
0.336943468	4.038070172	1.396594098	0.163658868	0.375012428	-5.288833508	SLC41A2	0.425954339
-0.237842213	6.289890328	-1.509808813	0.132237338	0.327652002	-5.291144796	ABCD3	0.484587174
0.387694685	2.350616061	0.765858446	0.444415668	0.65783407	-5.301728297	ABCC9	0.181883638
-0.201984355	4.389947165	-1.431125032	0.153526838	0.361977532	-5.312368286	CYB561D1	0.441318385
-0.264104483	5.579176792	-1.452018727	0.147633362	0.352313573	-5.319416631	NAA38	0.453070625
0.642783375	7.180722866	1.287727708	0.198920548	0.417102708	-5.339649848	ABCC3	0.379756991
0.330694541	3.066079799	1.15899356	0.247461603	0.469530107	-5.343763226	SLC26A1	0.328336555
-0.800229233	3.897042615	-1.426264708	0.154923235	0.363745588	-5.345700529	DPEP1	0.439202266
-0.138556496	5.753861552	-1.448727242	0.148550078	0.353866556	-5.355082098	SLC35B1	0.451160481
-0.19738401	2.885364868	-1.000976039	0.317716059	0.540509988	-5.358977985	SLC27A5	0.267196276
-0.640410782	9.28408778	-1.428315469	0.154332862	0.363016861	-5.370151457	GPX3	0.440073203
0.196531517	2.930430294	1.12401766	0.261983196	0.485266632	-5.370330077	GSTCD	0.314019571
0.289751227	4.830665708	1.413312416	0.158691845	0.368567658	-5.37472349	SLC25A24	0.433482777
-0.435527716	2.624229089	-1.131217105	0.258946692	0.482553165	-5.381442218	GALNT3	0.316454832
0.202366434	3.64362296	1.197032146	0.232322216	0.45282264	-5.393944739	CYB5R4	0.344071868
-0.141026744	5.170803248	-1.366656193	0.172846484	0.385947538	-5.399415731	ALG5	0.413471725
-0.640295514	4.220688609	-0.918366543	0.359229677	0.58218641	-5.402009859	ALDH1A3	0.234937937
0.273630909	7.966083334	1.417989161	0.157323127	0.366645783	-5.405626293	SLC38A1	0.435753306
-0.263121491	6.593786905	-1.428437799	0.1542977	0.363008833	-5.406224091	TPMT	0.440082807
0.413439496	2.779319576	0.778373161	0.43701652	0.651877532	-5.422056314	SLC25A27	0.185833987
-0.149592682	4.721787002	-1.335698251	0.182749445	0.398474982	-5.427999018	SLC25A26	0.39959894
0.193316378	5.964115592	1.409552796	0.159798709	0.370276614	-5.429248624	ABCB3	0.431473716
0.153527476	3.760733805	1.234698323	0.217994013	0.438662125	-5.432966276	NAA35	0.357869862
0.199289466	2.553674636	0.615291822	0.538869533	0.730138326	-5.433268848	SLC22A15	0.136594854
-0.202267546	7.265370594	-1.390516435	0.165493456	0.377195305	-5.459664619	MGAT1	0.423433722
0.180301421	3.534170969	1.172934694	0.241834338	0.463058234	-5.460546617	SLC35E3	0.334364389
0.26450752	6.460266881	1.377265096	0.169547357	0.381999712	-5.47533371	ABCA2	0.417936965
0.263706229	2.323054991	0.349502546	0.726978854	0.855429631	-5.475554066	HSD11B2	0.06781571
0.404596105	4.892410066	1.24178234	0.215372175	0.436023973	-5.487582144	GSTM3	0.360489632
0.204714482	2.626167113	0.419121201	0.675453894	0.822454591	-5.489784991	CHST2	0.084888071
0.163186807	5.917918918	1.33382787	0.183361027	0.399154389	-5.504124811	SLC52A2	0.398859091
0.27906158	2.058388735	0.795935342	0.426754352	0.643934477	-5.521550459	CES3	0.191158322
-0.328868536	6.894719128	-1.333983772	0.183309991	0.399115845	-5.530100573	ABCC4	0.39890103
-0.192198408	4.414932509	-1.25311168	0.211226722	0.430762942	-5.533500402	CCBL2	0.365761666
0.279074866	5.056448067	1.302161763	0.193947839	0.411540643	-5.55018024	SLC5A3	0.385587268
0.14455605	3.27396957	1.046401617	0.296292118	0.521319146	-5.55150255	SLC36A4	0.282896325
0.17454077	3.390621436	1.044674218	0.297088597	0.52195576	-5.558676433	ARSK	0.282366305
0.112420112	3.560248714	0.981013949	0.327445883	0.551034914	-5.57433025	ALG6	0.258820883
0.156443201	2.779601795	0.45946805	0.646260149	0.804633529	-5.583193569	CHST11	0.094401874
-0.216530179	6.714180455	-1.293267082	0.197001199	0.414967346	-5.586436924	SLC35E2B	0.381986077
-0.113243171	3.248629752	-0.873518794	0.383140524	0.604653107	-5.586837333	ALG14	0.218493711
-0.245851136	4.24529953	-1.10813429	0.268769546	0.493032371	-5.596489616	SLC19A2	0.307124565
-0.146769048	4.844820992	-1.171305455	0.24248726	0.463493207	-5.600357388	SLC39A3	0.333956627
-0.271712985	5.221335179	-1.227496386	0.22068306	0.441402981	-5.603472616	HNMT	0.355164738
0.236919635	5.114343301	1.176243708	0.240512072	0.461688856	-5.608297131	SLC9A3R2	0.335650608
0.179386849	4.603177084	1.21148505	0.226746843	0.447095838	-5.625505367	SLC33A1	0.349599373
0.313763281	2.102951516	0.350503753	0.726228306	0.855121334	-5.637152945	SLC13A3	0.067972258
-0.271539258	6.133981364	-1.236804405	0.217212141	0.438119486	-5.644252563	SLC25A10	0.358407431
0.236409385	3.749088174	1.02256307	0.307410831	0.531280806	-5.652354922	SLC12A2	0.274675874
-0.235244451	4.089461621	-0.899273991	0.369291439	0.591613567	-5.66200039	SLC25A25	0.227961875
-0.277180625	6.260480036	-1.21430019	0.22567213	0.445980274	-5.666032647	ACSS1	0.35068435
0.383695728	5.304713822	1.210733038	0.227034553	0.447248742	-5.668006639	SULT1A1	0.349450872
-0.152967507	4.640017033	-1.1008392	0.271926781	0.497151271	-5.668329683	CHST12	0.303511446
0.118070002	6.58391292	1.225416615	0.221464034	0.441845625	-5.669461872	SLC39A9	0.354729441
0.229945725	6.427069243	1.217771955	0.224351783	0.444950745	-5.678224011	SLC35F5	0.351688062
-0.35429044	5.512530716	-1.149781129	0.251230363	0.473776944	-5.683004728	SLCO2A1	0.324426078
-0.521949969	2.515182531	-0.814848705	0.415862191	0.634792829	-5.689513249	ALDH1A2	0.197367988
-0.371083135	5.819912804	-1.201009105	0.230778394	0.451965616	-5.693672245	ALDH1B1	0.344894604
-0.125426682	3.107510145	-0.664575774	0.506877301	0.704404745	-5.718749702	SLC25A45	0.152177727
-0.53824982	4.703055335	-1.138619856	0.255850096	0.478644727	-5.730088807	SLC17A1	0.319986721
0.185154025	7.469684764	1.165040803	0.245009446	0.467121177	-5.732227354	SLC38A2	0.330570443
-0.212489436	7.225423646	-1.161930924	0.246268352	0.468336416	-5.742685207	SLC2A4RG	0.329442072
-0.161801759	4.83268762	-1.021286619	0.308013925	0.531459611	-5.745025498	NAA40	0.274529735
-0.281990833	4.140779859	-0.925873144	0.355321596	0.579273465	-5.756463638	SLC45A3	0.237116365
0.124257968	5.704026024	1.114698833	0.265950197	0.489660763	-5.758732239	SLC15A4	0.310104695
-0.058769085	2.666262989	-0.393598513	0.694181678	0.835208038	-5.765142949	SLC10A7	0.078205335
-0.012833184	4.01529183	-0.022800915	0.98182557	0.989284191	-5.766202841	SLC2A3	0.004678931
0.154983577	4.582212048	1.073167064	0.284134521	0.508976947	-5.776495531	SLC24A1	0.293301888
-0.266275622	3.630251555	-0.566432983	0.571560251	0.754753544	-5.777004589	SLC2A10	0.122194839
-0.030352233	2.773092539	-0.065983793	0.947438547	0.973034014	-5.780689803	SLC5A9	0.011871978
-0.178357327	4.684510566	-0.92176321	0.357457954	0.581202061	-5.782604705	GGT7	0.235672854
-0.191310484	5.352384025	-1.086337228	0.278278654	0.502546657	-5.785634761	SLCO3A1	0.298823612
0.045888301	3.057279799	0.228262005	0.819611757	0.912839545	-5.786257133	ABCB9	0.039605554
-0.114492303	5.417842292	-1.074981304	0.283322909	0.508173843	-5.796479789	ALG2	0.293987693
0.112101608	3.468271471	0.50960532	0.610735638	0.781446657	-5.799332144	NAA16	0.107100662
0.164493647	6.707948416	1.102226863	0.271324258	0.496577715	-5.808722897	ALDH9A1	0.304012774
-0.146620701	3.022393908	-0.30364576	0.761626795	0.877728887	-5.815203665	SLC23A1	0.056639608
-0.137971598	6.982862806	-1.093897299	0.274954778	0.499772	-5.817449358	CYB561	0.301228079
0.251720205	5.347224905	1.050240754	0.294527094	0.519738017	-5.834179545	ACSM3	0.284215515
-0.149851761	3.502997511	-0.526105919	0.599237533	0.773178479	-5.834618269	SLC29A3	0.111720243
-0.270143947	4.979978825	-0.925511162	0.35550943	0.579273465	-5.835055668	NAT14	0.237116365
0.12138273	6.375120349	1.065152354	0.287738875	0.513207183	-5.845376029	SLC35E1	0.289707274
-0.023340657	3.41998957	-0.042636662	0.96602203	0.982680412	-5.8532054	HSD17B14	0.007587701
-0.297106054	6.660406134	-1.057287449	0.291305884	0.517181315	-5.855130472	MAOA	0.286357174
-0.147002467	6.269515348	-1.051335382	0.294025145	0.519452514	-5.860585695	SLC30A9	0.284454148
0.000670301	3.400825099	0.001907883	0.99847911	0.999063954	-5.861877694	SLC16A2	0.00040671
0.133232472	5.27649041	0.992953873	0.32160305	0.544954934	-5.870091024	SLC7A6	0.263639411
0.127886131	7.019581135	1.041675352	0.298474748	0.522854756	-5.87182363	SLC39A7	0.281618937
-0.161498429	5.51992143	-1.010086111	0.31333964	0.535958033	-5.878462456	CYB5D1	0.270869215
-0.165021096	3.088976561	-0.604721031	0.545861703	0.73603129	-5.881041388	SLC8A1	0.133103723
-0.076041638	4.375451851	-0.859701203	0.39070064	0.611802328	-5.881350977	SLC25A17	0.213388875
-0.213026933	7.940574517	-1.004361258	0.316085141	0.538722302	-5.884521896	SLC44A2	0.268635045
-0.206744624	8.238047539	-0.989622486	0.323226346	0.546237016	-5.889788695	SLC25A5	0.262618873
9.76E-05	3.446669176	0.000486742	0.999611988	0.999778966	-5.901109516	SLC38A6	9.60045E-05
-0.134869287	4.604070124	-0.867811504	0.386252209	0.607816391	-5.902666643	SLC18B1	0.216227592
-0.089227775	5.233716877	-0.943967603	0.346012642	0.569631756	-5.906122207	SLC25A38	0.244405808
0.167633373	4.419453901	0.757879399	0.449170452	0.662089632	-5.910573895	SLC26A2	0.179083213
-0.268841581	5.854942028	-0.96533398	0.335223489	0.55964032	-5.918711701	GAMT	0.252091004
0.503114009	3.195203326	0.711874158	0.477144601	0.684370175	-5.920101678	SLC47A2	0.164708925
0.686614148	5.367566238	0.967865079	0.333959976	0.558576123	-5.926488226	SLC17A3	0.252917633
0.067825644	2.57440339	0.279351331	0.780184651	0.888766285	-5.927075251	SLC16A13	0.051212429
-0.365890967	5.008088693	-0.891794667	0.373280607	0.595131843	-5.928439428	SLC27A2	0.225386812
0.12135556	5.013707788	0.892941825	0.372667024	0.594549375	-5.93944991	SLC25A22	0.225812073
-0.123686726	9.087384183	-0.902469996	0.367594977	0.590498677	-5.958420153	SLC25A3	0.228781071
-0.221204528	3.531812124	-0.641454102	0.521760565	0.716857371	-5.960323076	SLC2A5	0.144567245
0.005482592	3.086543126	0.042249035	0.966330752	0.982827481	-5.966034605	SLC25A51	0.007522709
-0.068441021	3.945931586	-0.21366503	0.830966197	0.918678307	-5.967860545	SLC43A3	0.036836539
0.040291603	2.539777474	0.149850183	0.880992374	0.944103151	-5.969462607	SLC25A40	0.024980553
0.276112497	4.455478284	0.613719084	0.539906974	0.730779065	-5.971173735	GCNT3	0.136213903
0.113496058	7.377087047	0.933246032	0.351509491	0.575673708	-5.973811638	SLC38A10	0.239823605
-0.071009237	3.089828123	-0.190866424	0.848770713	0.928137092	-5.975803985	GSTO2	0.032387871
-0.123744453	5.138512115	-0.864075652	0.388297417	0.609335586	-5.979479158	SLC35B4	0.215143458
0.087150561	6.292987932	0.916672955	0.360115132	0.583112908	-5.987660474	ABCF2	0.234247345
0.147849404	7.830712652	0.902669206	0.367489397	0.590498677	-5.999672237	SLC3A2	0.228781071
0.139066988	5.595577622	0.888994723	0.374780859	0.596642228	-6.008698906	SLC41A1	0.224286012
0.133633387	6.534858092	0.892636321	0.372830368	0.594730739	-6.010445064	HSD17B12	0.225679614
0.12199598	4.014194052	0.576064744	0.565041337	0.750401466	-6.014051881	GSTA4	0.124706326
0.161638375	5.515415201	0.876650417	0.381439704	0.602763322	-6.018097587	ALDH5A1	0.219853182
0.13589097	4.439501697	0.763853737	0.445607568	0.65886537	-6.020074156	SLC25A46	0.181203318
0.112905126	8.341958929	0.84594778	0.398315445	0.618895478	-6.027214633	MGAT4B	0.20838269
-0.132936593	9.1261154	-0.833752014	0.405142462	0.624158108	-6.031434929	SLC25A6	0.204705383
-0.075293851	4.136137997	-0.643244712	0.52059994	0.716057585	-6.03207174	ABCB7	0.145052051
-0.097095478	5.27126045	-0.792670286	0.428651473	0.645754358	-6.044224811	SLC35C1	0.189932654
-0.070042685	4.13738003	-0.432158059	0.665964323	0.816749071	-6.049856944	SLC25A16	0.087911351
0.148253338	4.884104806	0.77137449	0.441145562	0.655178658	-6.053232395	GALNT4	0.183640258
-0.192556947	6.741326068	-0.838237632	0.40262334	0.622302943	-6.055256405	HSD3B7	0.205998145
0.08470683	4.171208016	0.585504734	0.558687299	0.745702955	-6.06134136	ABCB10	0.127434136
-0.326395477	6.63978009	-0.80682427	0.420463151	0.63856008	-6.067576913	SLC4A4	0.194798235
-0.141941275	4.504053662	-0.670813845	0.502900666	0.701156768	-6.081872374	DHRS13	0.15418487
0.418849654	7.045386952	0.798267324	0.425402399	0.642900481	-6.085880305	MGST1	0.191856249
0.101307495	5.718035714	0.787982054	0.431384122	0.647819	-6.08589973	SLC30A7	0.188546319
0.092114024	5.365353608	0.735265466	0.462802796	0.67278176	-6.088848785	ALDH16A1	0.172125791
-0.053724079	4.211119538	-0.261476452	0.793920324	0.896566944	-6.098088128	CHST10	0.047417277
-0.199691133	7.609085363	-0.776841651	0.437918156	0.652707086	-6.102704156	GALNT14	0.185281672
-0.06449996	4.478746818	-0.434099657	0.66455557	0.815959495	-6.105308994	ALG13	0.088331399
0.07863666	4.094599585	0.153895787	0.877804488	0.94208825	-6.109903927	SLC7A8	0.025908413
-0.023897542	3.880832855	-0.116904583	0.907020776	0.956989525	-6.117235237	SLC36A1	0.019092816
-0.09908489	5.745685814	-0.690037788	0.490750828	0.69301193	-6.134640153	SLC8B1	0.159259289
-0.076796365	4.83549796	-0.546832567	0.584936051	0.763021715	-6.136693634	ABCC10	0.117463102
-0.111717506	5.616138468	-0.706594983	0.480414902	0.686593681	-6.137960614	SLC46A1	0.163300198
0.063814397	3.822877723	0.371246093	0.71073935	0.845079198	-6.139150858	CYP2U1	0.073102589
-0.211241392	3.63405928	-0.54652546	0.585146788	0.763054861	-6.143242303	SLC15A2	0.117444237
-0.068828039	4.807880748	-0.577376719	0.564156163	0.749923549	-6.144835513	CYP20A1	0.124983009
0.171601412	6.566254114	0.710539212	0.477970403	0.685178171	-6.145600074	ALDH3B1	0.164196482
0.00873065	3.418283407	0.0580705	0.953734536	0.976401733	-6.15128715	SLC7A6OS	0.010371458
-0.092130347	7.206481068	-0.702127984	0.483191648	0.688026196	-6.15386694	ADH5	0.162395026
0.042712301	3.422813596	0.138816854	0.889696212	0.948465426	-6.163557418	ACSL5	0.022978496
-0.063804758	4.172419288	-0.225729145	0.82157932	0.912992981	-6.164019555	DPYD	0.039532561
0.109320982	6.983169224	0.687492154	0.492350546	0.693639446	-6.167111142	ABCB2	0.158866217
-0.098777724	5.173390201	-0.594043297	0.552970235	0.74148021	-6.174522976	SLC45A4	0.129900436
0.080557023	5.484180712	0.622429605	0.534173833	0.726241104	-6.180424819	SLC25A44	0.138919174
-0.015255849	4.220220841	-0.074578379	0.940604257	0.970130398	-6.182413779	SLC37A1	0.013169887
-0.17687919	8.034131158	-0.616016114	0.5383921	0.729656564	-6.197194148	SULF2	0.136881506
0.051408464	4.855556178	0.495129347	0.620903169	0.788725517	-6.19947773	HSDL1	0.103074109
-0.129823385	5.596310365	-0.599911718	0.549057782	0.738262625	-6.204255227	ARSB	0.131789117
-0.253416739	6.950266697	-0.608339389	0.543463215	0.733623266	-6.210566937	SLCO4C1	0.134526904
0.162964428	5.564496216	0.567762648	0.570658179	0.754180741	-6.213526774	CHST3	0.122524562
0.047631998	4.954573155	0.387620189	0.698596191	0.836987433	-6.213681207	SLC35D2	0.077281063
0.113492653	5.824537516	0.491275803	0.62362222	0.790227214	-6.214227807	SLC48A1	0.102248018
0.040857194	5.120807609	0.474139217	0.635775898	0.797808675	-6.216728152	ALG8	0.098101246
0.122563191	7.304378097	0.597461068	0.55068995	0.73965815	-6.218153648	CBR1	0.130968953
0.083115162	5.439345351	0.316312163	0.752004915	0.87209557	-6.226654303	SLC25A29	0.05943592
0.179865446	4.823452757	0.424486958	0.671541752	0.820248111	-6.227660627	SLC7A7	0.086054761
-0.064582504	6.399777457	-0.547045801	0.584789751	0.762921589	-6.235231042	SLC35C2	0.117520095
0.088276093	5.924404775	0.554867106	0.579435406	0.759411075	-6.239012238	SLC37A3	0.119523074
0.081504234	5.640675884	0.501152213	0.61666387	0.785757592	-6.243763706	HSD17B11	0.104711414
-0.058128785	5.557021817	-0.391954556	0.695394577	0.835659816	-6.245316304	NAA10	0.077970481
0.261188383	6.871467954	0.528740573	0.597410796	0.772266358	-6.249335194	ABCB1	0.112232884
-0.064225729	4.842611637	-0.336032159	0.737102195	0.861319164	-6.250139479	ABCA7	0.06483589
-0.041832379	4.49234446	-0.349417665	0.727042497	0.855429631	-6.254851385	SLC49A4	0.06781571
-0.013549911	4.102753824	-0.067055745	0.946585924	0.972325136	-6.262116938	SLC38A7	0.012188487
-0.092456709	6.094824934	-0.510689181	0.609977359	0.78088516	-6.268604097	HSDL2	0.10741283
-0.064180053	5.941669537	-0.458090914	0.647247952	0.805026404	-6.274452952	SLC11A2	0.094189875
-0.075559275	6.538279275	-0.45669751	0.648248059	0.805768165	-6.284632751	GSTO1	0.093789895
-0.007223033	4.952200919	-0.029219393	0.976710753	0.987013609	-6.284865477	SLC27A3	0.005676859
-0.206454488	6.490202853	-0.407942988	0.683632129	0.828236933	-6.287303217	ALDH1L1	0.081845407
-0.002566322	4.595369423	-0.024310133	0.980622815	0.988630932	-6.287782951	SLC9A6	0.004965806
-0.070006037	6.748378823	-0.470383959	0.638452595	0.799497977	-6.291797954	HSD17B4	0.097182631
-0.029750662	4.493454911	-0.146330317	0.883767565	0.945681046	-6.294103188	GALNT12	0.024255315
0.072432587	5.244998846	0.42008749	0.674748723	0.822196745	-6.295190073	SLC35D1	0.085024247
0.037233793	4.817664224	0.207996499	0.835385258	0.921230668	-6.298266697	GCNT2	0.035631613
-0.130936365	4.87879513	-0.374155311	0.708576345	0.843699286	-6.301662446	ALDH6A1	0.073812318
-0.247037531	7.513282457	-0.432736839	0.665544257	0.816609951	-6.304732278	NNMT	0.087985332
0.082626127	5.892963081	0.392062335	0.695315035	0.835659816	-6.3062283	SLC25A30	0.077970481
0.035541784	5.618749435	0.131968996	0.895105066	0.951014388	-6.316104551	SLC25A37	0.021812913
0.025097286	4.523650216	0.103409585	0.917713081	0.962565835	-6.31842817	SLC4A7	0.016569557
-0.049844225	7.931392653	-0.356323633	0.721870724	0.85204375	-6.31990755	SLC25A23	0.069538105
-0.0682876	5.742203949	-0.30312538	0.762022901	0.878100869	-6.319967691	ABCC5	0.056455593
0.02903465	8.181543665	0.347245831	0.728671551	0.856404378	-6.320865024	DDOST	0.067321121
-0.111487882	6.650795309	-0.393034487	0.694597724	0.835456784	-6.320999883	SLC6A6	0.07807601
-0.076997676	6.081195891	-0.381891354	0.702836118	0.839926072	-6.322068682	SLC44A3	0.075758938
-0.093682395	5.570610732	-0.358692149	0.720099904	0.851376085	-6.324446341	SLC2A13	0.069878553
0.032770182	6.371779306	0.167431011	0.867153662	0.936725409	-6.340654886	DHRS3	0.028387699
0.033590575	5.286798119	0.265422878	0.790882056	0.894908119	-6.345948878	SLC35A5	0.048221552
-0.006602594	5.478640615	-0.058364296	0.953500731	0.976401733	-6.35268926	SLC50A1	0.010371458
-0.114471287	5.508604004	-0.254355732	0.799410343	0.900203901	-6.359325682	SLC16A12	0.045659109
-0.009630294	5.708142951	-0.030624002	0.975591556	0.986631946	-6.362897081	SULT1C2	0.005844827
0.025000494	5.642678044	0.123805589	0.901559413	0.954231392	-6.363370577	DHRS4	0.0203463
-0.013173124	6.138576183	-0.123434895	0.901852658	0.954457409	-6.36953611	NAA20	0.020243446
-0.003646859	5.4315487	-0.030898674	0.975372702	0.986493928	-6.36996425	ALG1	0.005905584
-0.017808973	8.713018349	-0.052505102	0.95816425	0.978510737	-6.370134718	GSTP1	0.009434405
0.02077373	7.458111816	0.117798472	0.906313109	0.956989525	-6.373438069	ALDH3A2	0.019092816
0.052652406	6.792180708	0.188293666	0.850784961	0.928897694	-6.377584377	SLC16A4	0.032032115
0.028205124	6.917825365	0.180675927	0.856754688	0.931970977	-6.380886068	DPYSL2	0.030597612
0.029271289	6.382530852	0.195223092	0.845362087	0.926440102	-6.381437393	ALDH7A1	0.033182654
0.0142308	5.506357768	0.086305126	0.931286505	0.968153129	-6.384295645	SLC31A1	0.014055947
-0.01420641	5.645583712	-0.095925273	0.923649606	0.964659236	-6.385392876	SLC25A13	0.015626073
0.006161051	7.90067416	0.053547006	0.957334856	0.977997347	-6.388435347	SLC39A1	0.009662323
-0.000528842	7.299284386	-0.001942728	0.998451333	0.999063954	-6.388606832	ACSL1	0.00040671
0.010044441	6.006486042	0.059426521	0.952655439	0.975852974	-6.389081405	MGAT4A	0.01061561
0.013688148	6.930162015	0.123979073	0.901422179	0.954170476	-6.391294906	CYB5B	0.020374026
0.001547741	7.458956198	0.009377354	0.992524845	0.996301222	-6.394957873	SLC35F6	0.001609337
0.006487772	6.30498383	0.037580069	0.970049694	0.984390432	-6.395887438	SLC25A36	0.006832616
-0.003553892	6.235167397	-0.012456057	0.99007077	0.995051095	-6.399435021	SLC1A5	0.002154618
-0.000937807	6.353846878	-0.005020462	0.995997898	0.998013728	-6.399633469	GALNT1	0.000863485