EGID	logFC	AveExpr	t	P.Value	adj.P.Val	B	Symbol	neglogpadj
60386	0.727112253	3.392798833	4.922892568	1.14E-06	0.001029571	5.116239169	SLC25A19	2.987343699
10195	0.697157175	4.937199044	4.310905398	1.94E-05	0.0027223	2.583387058	ALG3	2.565064017
79751	0.732694319	3.899798308	4.296211137	2.07E-05	0.00275308	2.53411922	SLC25A22	2.560181169
2941	-0.724756791	4.484441958	-4.060828796	5.63E-05	0.004729955	1.633978915	GSTA4	2.325142991
79581	0.721434912	4.979536996	4.055535928	5.76E-05	0.004729955	1.590911207	SLC52A2	2.325142991
55334	-0.496208841	6.66120685	-4.05091589	5.87E-05	0.004729955	1.558694817	SLC39A9	2.325142991
51006	0.468993496	5.623760434	4.021815695	6.62E-05	0.004998836	1.453413727	SLC35C2	2.301131111
11182	0.842550768	2.451245957	3.859123294	0.000127943	0.006916078	0.863492843	SLC2A6	2.160140117
4329	-1.482252703	4.355089083	-3.830038695	0.000143584	0.007320303	0.805896521	ALDH6A1	2.135470942
6817	1.095452309	4.581380888	3.784033167	0.000172062	0.008373442	0.627293928	SULT1A1	2.077095984
6573	0.775269878	2.938128535	3.760996153	0.000188249	0.008728369	0.57171826	SLC19A1	2.059066902
3176	-0.71785204	6.585867768	-3.749992452	0.000196477	0.008929461	0.464246413	HNMT	2.049174755
23461	-0.79405427	4.688651845	-3.732017177	0.000210652	0.009222504	0.443598819	ABCA5	2.035151148
2590	0.774106008	6.884199391	3.625533379	0.000316433	0.01229049	0.036069508	GALNT2	1.910430802
56267	-0.475724886	4.352323605	-3.574950673	0.00038258	0.013418863	-0.081699496	CCBL2	1.872284281
3291	-1.914263572	5.004899967	-3.560396305	0.00040389	0.013540105	-0.104117184	HSD11B2	1.868377968
6556	1.059158425	3.129234774	3.530623541	0.000450993	0.014343182	-0.188804544	SLC11A1	1.843354491
55974	0.478237537	4.969272319	3.521164181	0.000467004	0.014588595	-0.294762989	SLC50A1	1.835986532
22	-0.468310673	4.628186448	-3.51790793	0.000472637	0.014667882	-0.280742123	ABCB7	1.833632593
128	-0.410018166	7.331617608	-3.470784436	0.000561614	0.016092755	-0.479138822	ADH5	1.7933696
116843	-0.56989476	4.118583138	-3.391571479	0.000747237	0.018629192	-0.662089336	SLC18B1	1.729805981
122830	-0.516929955	4.64937485	-3.379960688	0.000778819	0.019029357	-0.730747048	NAA30	1.720575886
8884	0.489947911	4.389855874	3.378010613	0.000784244	0.019086425	-0.738435141	SLC5A6	1.71927541
11001	-2.01133882	4.754595049	-3.344171802	0.000884158	0.020337349	-0.795297995	SLC27A2	1.691705659
1534	0.467225844	6.041111594	3.339212018	0.000899759	0.020533024	-0.90433068	CYB561	1.687547085
9481	-1.472717348	2.225919021	-3.326790664	0.000939962	0.021000551	-0.846803041	SLC25A27	1.67776931
50515	0.706702301	3.553680772	3.311440519	0.000991949	0.021435203	-0.903174132	CHST11	1.668872399
9429	-1.379202451	3.98002286	-3.250719438	0.001224876	0.024122686	-1.041993407	ABCG2	1.617574336
8140	1.375518817	5.392700412	3.161684121	0.001659094	0.028126776	-1.437989399	SLC7A5	1.550880045
6558	-0.75757462	5.018683701	-3.14801021	0.001737169	0.028736124	-1.446462023	SLC12A2	1.541571811
9469	0.771123693	5.309615682	3.122592422	0.001891367	0.029671126	-1.549181919	CHST3	1.527665972
2878	-1.022792583	10.9751216	-3.116008253	0.001933316	0.030048531	-1.515212783	GPX3	1.522176755
1545	1.24694448	5.050035665	3.113479871	0.001949651	0.030211897	-1.573957843	CYP1B1	1.519822005
10840	-1.908456398	5.802672382	-3.045647987	0.002438263	0.034225768	-1.726024387	ALDH1L1	1.465646798
80024	0.327671188	5.192019362	3.042207505	0.002465812	0.034489152	-1.778898535	SLC8B1	1.462317484
84912	-0.41979646	5.382280837	-3.022548333	0.002628784	0.036181271	-1.826137421	SLC35B4	1.441516181
220963	-1.884297851	5.537450628	-3.008573787	0.002750573	0.037019509	-1.830023184	SLC16A9	1.431569346
5832	0.381929295	6.476298195	2.99137777	0.002907524	0.038173814	-1.944841118	ALDH18A1	1.418234447
6510	0.581121245	6.263231312	2.980927846	0.003006864	0.039051233	-1.97402675	SLC1A5	1.408365249
7355	0.338388769	4.872004346	2.97689693	0.003046006	0.039291138	-1.952395139	SLC35A2	1.405705392
64116	-0.649376456	5.50448839	-2.940954664	0.003416184	0.041778188	-2.067918049	SLC39A8	1.3790504
3491	-0.987780386	7.838879067	-2.927962361	0.003559798	0.042739922	-2.114479013	CCN1	1.369166275
7782	-0.790495501	2.386530029	-2.88942161	0.004018825	0.045334958	-2.010354128	SLC30A4	1.343566782
55244	-1.714779895	7.162883813	-2.880649432	0.00413056	0.045820123	-2.239613052	SLC47A1	1.338943749
5445	0.589613861	6.269747291	2.863175439	0.004361598	0.047389551	-2.298252017	PON2	1.324317406
493869	0.640171866	5.342680716	2.862439523	0.004371581	0.047415414	-2.275218198	GPX8	1.324080453
26503	-0.486504055	5.532991073	-2.836486659	0.004737209	0.049503201	-2.352893374	SLC17A5	1.305366718
5826	-0.349010476	5.401498248	-2.81963454	0.004989264	0.051183416	-2.399031258	ABCD4	1.290870733
21	0.562117988	6.101597186	2.811874784	0.005109365	0.051695008	-2.435320644	ABCA3	1.286551393
2876	0.548296804	7.698559507	2.797294382	0.005342143	0.053124915	-2.456842438	GPX1	1.274701752
85414	0.745524985	2.745326592	2.795033292	0.00537909	0.053234906	-2.271095072	SLC45A3	1.273803508
9027	-2.144339503	7.035282909	-2.773017377	0.005751115	0.055290517	-2.504647752	NAT8	1.257349349
387700	-1.705630866	5.757476135	-2.770311304	0.005798413	0.055473527	-2.505482437	SLC16A12	1.255914221
2327	-1.668782063	4.771638141	-2.765081786	0.005890815	0.055858397	-2.433064395	FMO2	1.252911532
6540	-1.940942478	6.383515366	-2.749141232	0.006180743	0.056943269	-2.577771408	SLC6A13	1.244557604
223	-0.371937095	6.980047607	-2.743152865	0.006292947	0.057406693	-2.618327108	ALDH9A1	1.241037471
2166	-0.807661434	4.533941474	-2.720122924	0.006741795	0.059317632	-2.584071031	FAAH	1.226816195
6582	-2.106297034	6.810916211	-2.693376083	0.007299158	0.061934069	-2.719063093	SLC22A2	1.208070386
224	-0.602103846	7.241591903	-2.670939843	0.007798305	0.064179342	-2.800814028	ALDH3A2	1.19260474
27173	0.313255332	7.657106943	2.668302718	0.007858945	0.064408344	-2.792802014	SLC39A1	1.191057867
6533	0.594289784	5.779546671	2.645369547	0.008404405	0.066652309	-2.866850669	SLC6A6	1.176184801
9962	-0.393055888	5.835855702	-2.641205082	0.008507023	0.066970057	-2.867403812	SLC23A2	1.174119331
11068	0.372608804	3.725454061	2.627251454	0.008859096	0.068437567	-2.775210033	CYB561D2	1.164705438
23443	-0.541524489	3.980841263	-2.618433076	0.009088275	0.06935333	-2.795244136	SLC35A3	1.158932681
145389	-0.387200312	3.344731708	-2.614768526	0.009185064	0.069969273	-2.751706768	SLC38A6	1.155092639
340024	-2.940453371	2.454296888	-2.578023361	0.010207797	0.074469478	-2.74724174	SLC6A19	1.12802169
11282	0.383698679	7.101884874	2.562585416	0.010666994	0.076507422	-3.066349917	MGAT4B	1.116296432
201266	0.392958712	4.52370241	2.549870965	0.011058921	0.07789528	-3.049966719	SLC39A11	1.108488857
84068	-0.312967547	3.373986715	-2.54650624	0.011164763	0.078312935	-2.902647082	SLC10A7	1.106166499
291	-0.513215026	5.820062787	-2.540248249	0.01136402	0.079239986	-3.104481543	SLC25A4	1.10105561
63027	-0.532623821	4.610198499	-2.539680985	0.011382238	0.079271801	-3.038765576	SLC22A23	1.100881275
11226	0.547346802	2.664148186	2.515332159	0.012189115	0.082856976	-2.915982815	GALNT6	1.081670921
316	-1.366876155	5.283187449	-2.514282338	0.012225019	0.082926951	-3.13667521	AOX1	1.081304302
1650	0.266550093	8.129762708	2.5118303	0.012309248	0.083118861	-3.163580378	DDOST	1.080300417
2053	-0.746184181	5.747877982	-2.50573165	0.012520978	0.083861127	-3.177268611	EPHX2	1.076439305
84263	-0.435480999	6.466441832	-2.504988159	0.01254701	0.083861127	-3.211079775	HSDL2	1.076439305
2650	0.710401691	2.712512127	2.48415375	0.013296305	0.086418644	-3.009530236	GCNT1	1.063392553
2326	-1.755365527	5.16946073	-2.478229627	0.013516483	0.087110131	-3.158552366	FMO1	1.059931333
10165	-0.348967963	5.385977804	-2.468169	0.013897808	0.088563512	-3.272965475	SLC25A13	1.05274517
9990	-0.436666465	5.222708042	-2.440231497	0.015007121	0.092727628	-3.339871824	SLC12A6	1.032790849
56548	-0.532484467	2.632085797	-2.399450301	0.016766776	0.09848495	-3.14772849	CHST7	1.006630131
6578	-0.868643689	6.987950471	-2.383610446	0.01749776	0.10074252	-3.488779609	SLCO2A1	0.99678719
6531	-2.454833086	5.813402886	-2.38158206	0.017593362	0.101071721	-3.372930554	SLC6A3	0.995370339
85365	-0.315601294	5.504293059	-2.373345526	0.0179863	0.102578528	-3.488159903	ALG2	0.988943537
9154	-1.397626407	6.514046374	-2.348502676	0.019218543	0.106503498	-3.549571401	SLC28A1	0.972636128
10463	-0.384828243	6.345633386	-2.34916464	0.019184773	0.106503498	-3.570533529	SLC30A9	0.972636128
10901	-0.420190668	5.467916293	-2.309699741	0.021291369	0.112342495	-3.626493104	DHRS4	0.949455935
114789	-0.49700035	4.239694164	-2.308376199	0.02136539	0.112483153	-3.529083445	SLC25A25	0.948912519
6536	0.576135673	2.624908654	2.295826631	0.022078489	0.114849099	-3.402342872	SLC6A9	0.939872408
115817	-0.331950938	4.268144983	-2.268118143	0.023726861	0.119466117	-3.650512978	DHRS1	0.922755252
11194	0.365764515	4.66696078	2.261461239	0.024138477	0.120508201	-3.72351779	ABCB8	0.918983397
153642	-0.350077949	3.786954716	-2.259846843	0.024239231	0.1206627	-3.598581493	ARSK	0.918426961
6890	0.417550051	7.63274431	2.235435852	0.025807853	0.125335707	-3.801088085	ABCB2	0.901925185
66035	-0.389100285	3.559586027	-2.234534866	0.025867397	0.125433375	-3.619674107	SLC2A11	0.901586892
80270	0.632347083	6.81728281	2.223897983	0.026579411	0.127209099	-3.842772268	HSD3B7	0.895481823
10050	-2.159392154	4.193204841	-2.218658314	0.026936344	0.128537003	-3.585856987	SLC17A4	0.89097183
883	-0.426278031	3.007557865	-2.193884131	0.028680738	0.133086308	-3.635463966	CCBL1	0.875866623
23491	-1.337784106	4.974024064	-2.183637301	0.02943027	0.135074158	-3.820180784	CES3	0.869427731
6560	-0.295211566	6.58389487	-2.177081348	0.029918637	0.136306301	-3.942977646	SLC12A4	0.865484068
54988	-1.026426985	4.709974294	-2.159294932	0.03127892	0.139377605	-3.851554059	ACSM5	0.855807002
160728	-2.406205394	2.806531377	-2.155541531	0.031572679	0.140207935	-3.620737794	SLC5A8	0.853227407
56996	0.318102565	5.360473741	2.14568483	0.032355435	0.141768375	-3.993054141	SLC12A9	0.848420639
51296	0.487904526	5.392248483	2.138649426	0.032924287	0.143239502	-4.004332249	SLC15A3	0.843937198
2329	-0.452278778	3.526867734	-2.127721057	0.033824931	0.145015004	-3.821515683	FMO4	0.838587061
6561	-2.267119693	2.78956668	-2.122476696	0.034264586	0.146230519	-3.672666776	SLC13A1	0.834961979
221	0.555184473	5.594286431	2.118429476	0.03460722	0.146929361	-4.057484143	ALDH3B1	0.83289141
6519	-0.897341559	8.94623466	-2.08963259	0.037130903	0.152791979	-4.073522811	SLC3A1	0.815899444
9619	-0.394268471	6.159895974	-2.076664682	0.038317721	0.155609587	-4.13860295	ABCG1	0.80796365
7915	-0.451156919	5.082010621	-2.068764949	0.039056437	0.157376336	-4.114086015	ALDH5A1	0.80306057
4245	0.222929504	7.889466508	2.066880621	0.039234424	0.157862594	-4.143827744	MGAT1	0.801720765
79807	-0.345798603	3.328274386	-2.064113037	0.039497093	0.158473592	-3.939496851	GSTCD	0.800043098
79868	-0.266848206	4.770123111	-2.058498019	0.040034611	0.159560648	-4.116664559	ALG13	0.797074209
91137	-0.336964075	5.158719177	-2.054128908	0.040457153	0.160371555	-4.150211158	SLC25A46	0.79487266
83693	-0.222471136	4.667836351	-2.043525926	0.041498375	0.163037518	-4.140912419	HSDL1	0.787712445
2686	-0.410508655	4.383547024	-2.039437483	0.041905899	0.163798796	-4.122245955	GGT7	0.785689295
79087	0.247804477	5.127979418	2.017838049	0.044115668	0.169517431	-4.223890277	ALG12	0.770785638
55959	0.552153254	7.243529445	2.016298775	0.044276844	0.169908241	-4.248477639	SULF2	0.769785556
411	-0.431360785	5.934736307	-2.013292332	0.044593083	0.170566007	-4.25794922	ARSB	0.768107517
10478	-0.169963738	4.596554576	-2.008395102	0.045112298	0.171659948	-4.19528395	SLC25A17	0.765331023
84316	0.387315982	4.616299239	1.998746479	0.046150233	0.174258191	-4.228604074	NAA38	0.758806799
79829	0.258820868	4.224332107	1.989863693	0.047123544	0.176687035	-4.231542609	NAA40	0.752795317
6542	0.702943382	5.699499884	1.988749262	0.047246869	0.176870358	-4.294952357	SLC7A2	0.752344945
57404	-0.220004568	4.744718607	-1.983644423	0.047815265	0.17837199	-4.268057428	CYP20A1	0.748673342
55324	0.201678719	5.669131103	1.972825959	0.049038908	0.180932676	-4.338365574	ABCF3	0.742482994
116085	-2.18549494	3.115414154	-1.968038275	0.049588784	0.182295169	-3.965568059	SLC22A12	0.73922484
10249	-1.402187794	5.114211509	-1.966485843	0.049768193	0.182459046	-4.27309791	GLYAT	0.7388346
1807	-1.341908795	4.986048173	-1.957526967	0.05081424	0.184646498	-4.247323228	DPYS	0.733658925
4249	-0.813911896	3.326968168	-1.955410322	0.05106406	0.184983524	-4.097933176	MGAT5	0.732866951
56052	0.213152234	4.952831706	1.955515026	0.051051678	0.184983524	-4.339501898	ALG1	0.732866951
7351	0.476819691	6.334715827	1.944376191	0.052383144	0.187567085	-4.399807537	UCP2	0.726843371
51635	-0.365022956	6.165117417	-1.937294651	0.053244674	0.189216212	-4.409434391	DHRS7	0.723041656
29957	-0.357296666	5.526281059	-1.934003874	0.053649047	0.190244372	-4.402275507	SLC25A24	0.720688182
6523	-1.868018749	4.034646414	-1.917386751	0.055730448	0.194816705	-4.181101215	SLC5A1	0.710373806
159963	-2.044220731	4.936453094	-1.911810778	0.056443818	0.196146014	-4.193380561	SLC5A12	0.707420513
220	0.689930784	3.848346812	1.905101895	0.057312216	0.197995298	-4.38173884	ALDH1A3	0.703345123
10166	0.335272364	3.138645826	1.904849486	0.057345104	0.198050819	-4.218233479	SLC25A15	0.703223357
51144	-0.299043822	6.264105173	-1.904014501	0.057454013	0.198136429	-4.473514213	HSD17B12	0.703035669
284439	-0.444941835	5.123490002	-1.885844619	0.059866975	0.202893054	-4.442921947	SLC25A42	0.692732821
1728	0.393569492	5.483393005	1.883468044	0.06018873	0.203383994	-4.488662186	NQO1	0.691683228
55343	0.205739571	4.773834074	1.874739507	0.061382814	0.205303131	-4.470991027	SLC35C1	0.687604427
55315	0.381640841	3.415782789	1.867982747	0.062320605	0.207447643	-4.32740052	SLC29A3	0.683091495
51629	0.338057683	6.683128593	1.865837488	0.062620826	0.208035393	-4.542937423	SLC25A39	0.681862772
55032	-0.244988467	5.457028693	-1.863865251	0.062897891	0.208729869	-4.521463384	SLC35A5	0.680415399
55972	-0.517651237	3.048561666	-1.853962478	0.064304463	0.211658373	-4.24607094	SLC25A40	0.674364547
253512	-0.357526321	5.609152615	-1.839677683	0.066379236	0.216689752	-4.577441197	SLC25A30	0.664161627
125206	-1.526860237	4.818646562	-1.839484699	0.06640764	0.216700402	-4.373441142	SLC5A10	0.664140283
9245	0.819516177	3.207725351	1.825607291	0.068476625	0.220522071	-4.268948096	GCNT3	0.656547938
5825	-0.266997986	6.145538254	-1.801150587	0.072252099	0.22776043	-4.654240303	ABCD3	0.642521726
29880	-0.195905535	5.109940026	-1.790922404	0.073880967	0.230031031	-4.621886828	ALG5	0.638213574
10559	-0.224102405	4.809121403	-1.78746466	0.074438386	0.230760958	-4.609380267	SLC35A1	0.636837667
80221	0.466022357	3.500713295	1.779517067	0.075732679	0.23329944	-4.506883177	ACSF2	0.632086304
283537	-0.360635072	5.218553545	-1.778985437	0.07581991	0.233385018	-4.659388963	SLC46A3	0.631927027
64902	-1.354009565	4.7689799	-1.766914632	0.077822736	0.236337896	-4.601222156	AGXT2	0.626466635
9356	-2.135449449	1.822593957	-1.75997873	0.078992975	0.238578502	-4.188624914	SLC22A6	0.622368693
199857	-0.216155105	3.374290504	-1.755643515	0.079731684	0.239419223	-4.43401844	ALG14	0.620840983
285195	0.506482454	4.293178178	1.748474684	0.080965581	0.241156207	-4.644589937	SLC9A9	0.617701556
144245	-0.260755193	4.06350365	-1.745252458	0.081525231	0.24190543	-4.602168342	ALG10B	0.616354383
23446	-0.255301233	6.290973872	-1.739874643	0.082466283	0.243446013	-4.760148405	SLC44A1	0.613597334
79085	-0.296225014	7.051383551	-1.737653095	0.082857595	0.244075511	-4.763083401	SLC25A23	0.612475793
501	-0.237806862	6.589164538	-1.732631397	0.083747699	0.245775392	-4.771728151	ALDH7A1	0.609461603
120227	-0.233575415	3.174899332	-1.729487717	0.084308862	0.246807225	-4.499211485	CYP2R1	0.607642131
2939	-1.682442224	5.479431536	-1.710118987	0.087833935	0.253224052	-4.585517002	GSTA2	0.596495046
79612	-0.248068966	3.511940318	-1.708934435	0.088053333	0.25367028	-4.611983543	NAA16	0.595730412
1468	0.411274873	4.624658425	1.703899186	0.088990892	0.254981618	-4.750603722	SLC25A10	0.593491127
10479	-0.183077213	4.751439021	-1.699618195	0.089794338	0.256365556	-4.758880058	SLC9A6	0.591140325
57106	0.440091871	3.853104948	1.693575464	0.09093838	0.258254473	-4.68225132	NAT14	0.587952148
10347	0.425797924	3.242181701	1.689846287	0.091650253	0.259341246	-4.63076471	ABCA7	0.586128407
215	0.282195977	4.794012119	1.681587055	0.093242873	0.26208146	-4.782761275	ABCD1	0.581563701
6567	-0.422408229	4.69758849	-1.677299282	0.09407842	0.263328696	-4.786322259	SLC16A2	0.579501811
4524	-0.295530905	5.542765798	-1.667635488	0.095983659	0.265851259	-4.864406055	MTHFR	0.575361279
6296	-0.486650263	4.657497612	-1.664859323	0.096536676	0.266697565	-4.767487061	ACSM3	0.573980949
9016	-0.196784781	2.757658062	-1.655248562	0.098470923	0.2695078	-4.524368167	SLC25A14	0.569428661
6575	-0.237962131	4.742332762	-1.652875396	0.09895329	0.270262732	-4.811130677	SLC20A2	0.568213837
11136	-1.139491496	3.346607035	-1.648543929	0.099838574	0.27204972	-4.518528808	SLC7A9	0.565351717
55867	-1.176757028	5.241639918	-1.631602649	0.103362105	0.277477892	-4.86354745	SLC22A11	0.556771613
54733	0.295535323	4.350167684	1.630933614	0.103503264	0.277666956	-4.82556259	SLC35F2	0.556475801
9963	0.828112634	2.600216361	1.615968753	0.106701016	0.282284584	-4.607904931	SLC23A1	0.549312839
118881	0.439483176	2.863395064	1.608537889	0.108317794	0.285173232	-4.648363096	COMTD1	0.544891242
10060	-0.496775002	4.787943244	-1.597224391	0.110816605	0.288721124	-4.896709757	ABCC9	0.53952144
124565	0.209336602	7.153460751	1.588664645	0.112737357	0.291302589	-4.996885612	SLC38A10	0.535655655
11309	0.454192539	6.606128466	1.584022446	0.113789989	0.292791065	-5.00450783	SLCO2B1	0.533442181
1593	-0.444827295	6.137134598	-1.573981909	0.116093253	0.296322116	-5.018487588	CYP27A1	0.528235934
8260	0.234195348	5.159660713	1.565288043	0.118117137	0.29986323	-5.003741084	NAA10	0.523076785
9056	0.570318262	5.752973749	1.56083104	0.119165411	0.301225808	-5.039897014	SLC7A7	0.521107822
54020	0.28272086	3.938966847	1.55089276	0.121529188	0.304612849	-4.911011778	SLC37A1	0.516251781
4363	0.267603084	6.306650844	1.547882645	0.122252341	0.305617876	-5.063025557	ABCC1	0.514821247
6555	-1.61241106	2.588429716	-1.543615231	0.123283322	0.307477274	-4.53389929	SLC10A2	0.512186978
9122	-0.469346273	6.682101648	-1.5394008	0.124308174	0.308855983	-5.07311752	SLC16A4	0.510243981
6583	-0.564249754	3.365766836	-1.534439058	0.125523283	0.310863855	-4.762818001	SLC22A4	0.507429772
2052	-0.282201794	6.65019615	-1.51794044	0.129630555	0.317474621	-5.107363541	EPHX1	0.498290987
8671	-0.568665863	7.24084425	-1.516264271	0.130053621	0.317868867	-5.10016694	SLC4A4	0.497752006
6548	0.214269673	5.285807603	1.479036041	0.139729645	0.331239137	-5.139257922	SLC9A1	0.479858356
51171	-0.435712445	4.990502306	-1.476498944	0.140408766	0.331980334	-5.09346906	HSD17B14	0.478887642
9486	0.2850529	3.372025034	1.47060139	0.141997239	0.333799943	-4.970840708	CHST10	0.476513742
788	-0.181231702	4.265943779	-1.464151163	0.143750379	0.336235991	-5.041562326	SLC25A20	0.473355801
6529	-0.563729814	2.670721415	-1.46080563	0.144666211	0.337373063	-4.741451712	SLC6A1	0.471889596
120103	-0.237473059	3.377643077	-1.447267317	0.14841813	0.343072867	-4.933739097	SLC36A4	0.464613628
113189	0.199922308	5.341281827	1.443557232	0.149459219	0.344390769	-5.18664709	CHST14	0.462948498
84532	-0.293650586	6.094601526	-1.416308964	0.157277332	0.354159682	-5.23522148	ACSS1	0.450800881
133308	-0.356790686	2.531960594	-1.415884153	0.157401634	0.354304098	-4.830825104	SLC9B2	0.450623824
6568	-0.98987393	3.368732226	-1.413877034	0.157989939	0.355085404	-4.97169636	SLC17A1	0.449667179
2181	-0.193565513	5.887789012	-1.38254551	0.167391321	0.367655276	-5.280539844	ACSL3	0.434559197
19	-0.309961936	6.853917714	-1.378221932	0.168721085	0.369191191	-5.297035731	ABCA1	0.43274867
4258	-0.187661899	5.497401824	-1.377470887	0.168952884	0.369362933	-5.265882813	MGST2	0.43254669
55186	-0.183234833	6.26793051	-1.371201839	0.170897099	0.371612839	-5.310928471	SLC25A36	0.42990929
89845	0.205076761	3.863188936	1.368924712	0.171607448	0.37219538	-5.189395035	ABCC10	0.429229022
91252	0.223756246	5.968670966	1.368509678	0.171737156	0.372222856	-5.309958343	SLC39A13	0.429196963
284613	-0.217199368	4.333926769	-1.362811318	0.173525478	0.374482985	-5.212771528	CYB561D1	0.42656791
80255	-0.221793106	5.888895134	-1.34847982	0.178084783	0.379524925	-5.333837328	SLC35F5	0.420759697
80736	-0.693983803	3.458847239	-1.348031649	0.178228789	0.379566084	-5.088619953	SLC44A4	0.420712601
4837	0.546825078	9.193230947	1.329001184	0.184424114	0.38844875	-5.306944083	NNMT	0.410666272
79939	0.142533656	6.719525051	1.328124198	0.18471342	0.388875572	-5.366720307	SLC35E1	0.410189337
79796	-0.094280641	5.103812111	-1.325401931	0.185613607	0.390346623	-5.324793259	ALG9	0.408549573
113612	-0.224384538	4.093206352	-1.313027175	0.189746665	0.395866198	-5.243076043	CYP2U1	0.40245158
2180	-0.328073491	7.908293834	-1.296017909	0.195538033	0.403442785	-5.388827786	ACSL1	0.394218047
51310	-0.419882704	4.751793924	-1.292610734	0.196713579	0.404663026	-5.339592652	SLC22A17	0.392906475
54978	0.207860733	6.777347732	1.289146755	0.197914037	0.40613933	-5.413618348	SLC35F6	0.391324952
6515	-0.40054728	6.929935592	-1.285920941	0.199036783	0.407795767	-5.418643496	SLC2A3	0.389557287
29015	0.293947937	5.842788116	1.28413621	0.199659961	0.408654042	-5.411854768	SLC43A3	0.388644201
10237	0.134662845	5.518782425	1.283830222	0.199766947	0.408801969	-5.39597192	SLC35B1	0.388487021
124936	-0.171263875	4.900024941	-1.279841198	0.201165516	0.410309366	-5.363568644	CYB5D2	0.386888569
4257	0.541004878	6.947501566	1.279906036	0.201142726	0.410309366	-5.423059987	MGST1	0.386888569
283375	-0.940778739	4.432765382	-1.272471627	0.203768135	0.413363554	-5.283026105	SLC39A5	0.383667817
64577	-0.796604851	4.400157715	-1.265489582	0.20625649	0.416751649	-5.322568588	ALDH8A1	0.380122673
216	-0.398290374	8.849694141	-1.265602058	0.20621623	0.416751649	-5.388507719	ALDH1A1	0.380122673
2651	-0.242156541	4.701934736	-1.23584279	0.217068965	0.430182022	-5.38705323	GCNT2	0.366347743
3295	-0.167323373	6.846420948	-1.227227524	0.220286393	0.434412734	-5.489813032	HSD17B4	0.362097453
197322	0.200133959	4.152049154	1.220729331	0.222735783	0.436611092	-5.390804759	ACSF3	0.359905235
6563	-0.518334485	2.66316322	-1.219798774	0.223088135	0.436750403	-5.054584096	SLC14A1	0.359766686
2542	-0.261135295	7.492152977	-1.220150761	0.22295481	0.436750403	-5.487485957	SLC37A4	0.359766686
6576	0.216707711	6.506680741	1.220009083	0.223008468	0.436750403	-5.499340902	SLC25A1	0.359766686
2954	-0.25307936	3.558365336	-1.21677445	0.224236049	0.438311692	-5.265542631	GSTZ1	0.358216944
80018	0.164623234	4.646498681	1.216062911	0.224506735	0.438476918	-5.43986516	NAA25	0.358053264
6539	-0.442655671	5.35865867	-1.210406001	0.226667091	0.440722854	-5.490016069	SLC6A12	0.355834428
3028	0.163167919	5.693085979	1.20870815	0.227318387	0.441478997	-5.496495493	HSD17B10	0.355089953
54407	-0.159759955	7.748199127	-1.199072473	0.23103998	0.444746297	-5.488187455	SLC38A2	0.351887659
11320	-0.20848267	6.472552482	-1.195727146	0.232342146	0.446139445	-5.527239686	MGAT4A	0.350529377
9197	-0.180778267	5.307771219	-1.195430386	0.232457911	0.44623583	-5.482803628	SLC33A1	0.350435561
84138	-0.152440152	3.028497613	-1.191826285	0.233867138	0.447846063	-5.194652803	SLC7A6OS	0.348871239
114134	-0.250974838	4.843918943	-1.189287222	0.234863568	0.448622518	-5.4908973	SLC2A13	0.348118931
2947	-0.378584253	4.590816648	-1.176998439	0.239728776	0.453758566	-5.440132557	GSTM3	0.343175163
1809	0.374228844	6.238737924	1.172999219	0.241327355	0.455612739	-5.545251541	DPYSL3	0.341404141
23456	-0.174467335	4.613501689	-1.171157908	0.242065894	0.456056635	-5.474043794	ABCB10	0.340981222
10560	-0.320503327	3.491228193	-1.170623943	0.242280362	0.456241736	-5.337205481	SLC19A2	0.340804989
126969	-0.287034838	5.196564534	-1.160295969	0.246455001	0.460389152	-5.525997367	SLC44A3	0.336874918
373156	0.187272892	7.4470948	1.151640641	0.249992275	0.464861771	-5.559995028	GSTK1	0.332676168
10061	0.118831518	5.776785012	1.147190951	0.251824558	0.46675131	-5.575249813	ABCF2	0.330914454
6303	0.203670154	8.135804879	1.14602587	0.252305861	0.467422703	-5.543970731	SAT1	0.330290197
284723	-0.469846899	2.224040946	-1.139150489	0.255159216	0.470344281	-5.021188965	SLC25A34	0.327584132
9368	-0.227448411	7.59733576	-1.135985049	0.256480444	0.471595657	-5.575883734	SLC9A3R1	0.326430203
6584	-0.278442029	6.309981771	-1.117090638	0.264465874	0.480353886	-5.611935911	SLC22A5	0.318438692
81894	0.154822427	5.1035984	1.108844621	0.268004248	0.484538843	-5.578534561	SLC25A28	0.314671402
6541	0.27943465	5.921798875	1.092359018	0.275175689	0.493804534	-5.63819085	SLC7A1	0.306444927
2936	-0.210797867	5.65786943	-1.080324865	0.280492925	0.49862116	-5.642275193	GSR	0.302229295
2678	0.487878035	6.988998678	1.078538333	0.281288223	0.499507147	-5.650596313	GGT1	0.301458293
81539	0.213487403	8.295105195	1.062058522	0.288696784	0.506818885	-5.623203971	SLC38A1	0.295147211
79799	-0.72378031	6.297137475	-1.060068393	0.289600298	0.507835425	-5.6681396	UGT2A3	0.294277007
84869	-0.144792723	4.713002175	-1.036481051	0.300454314	0.518226487	-5.62493323	CBR4	0.285480394
55652	-0.155682601	5.092930037	-1.036520726	0.300435831	0.518226487	-5.655353648	SLC48A1	0.285480394
60560	-0.150946325	3.796912709	-1.035195574	0.301053555	0.518576528	-5.512758457	NAA35	0.285187144
9497	0.252326953	5.178951514	1.012382477	0.311820953	0.529865224	-5.690313774	SLC4A7	0.275834583
11046	-0.12692041	5.127902332	-1.011246246	0.31236381	0.53039215	-5.683686258	SLC35D2	0.275402912
113829	0.102972155	7.089016886	1.00798324	0.313926246	0.531575758	-5.720207498	SLC35A4	0.274434833
147015	0.234058125	3.608334798	1.007012718	0.314391957	0.5319823	-5.463264632	DHRS13	0.274102817
25800	0.165494594	6.376604149	0.996858875	0.319291649	0.537464922	-5.73637204	SLC39A6	0.269649875
6891	0.171620931	6.511471498	0.993966883	0.320696288	0.538011422	-5.739664532	ABCB3	0.269208504
7779	-0.249558469	4.170282591	-0.985851662	0.324659438	0.541454864	-5.597605337	SLC30A1	0.266437741
217	0.193197457	7.689295232	0.982928473	0.326094806	0.542815341	-5.726038806	ALDH2	0.265347887
57210	-0.19851422	5.136943439	-0.98081805	0.327133651	0.543784621	-5.703813624	SLC45A4	0.264573079
10257	-0.257703699	6.005440119	-0.977915835	0.328565767	0.544849202	-5.75155888	ABCC4	0.263723681
6819	-0.394314708	4.603946035	-0.977130717	0.328953888	0.545262483	-5.670130849	SULT1C2	0.263394383
6513	0.270105224	8.116053194	0.976574653	0.329228957	0.545403302	-5.721966898	SLC2A1	0.263282237
9249	-0.172927099	7.113464505	-0.967097098	0.333940205	0.55022295	-5.758819055	DHRS3	0.259461299
206358	0.207901798	4.736766842	0.963763708	0.335607533	0.552021776	-5.691421863	SLC36A1	0.25804379
54946	0.133531551	5.246710097	0.951412426	0.34183228	0.557970723	-5.746371345	SLC41A3	0.253388588
51706	-0.102025283	5.993041117	-0.932219961	0.351650807	0.568082579	-5.787879803	CYB5R1	0.245588529
8534	-0.440755083	3.027099008	-0.923864458	0.355980756	0.572261175	-5.328092304	CHST1	0.242405718
4128	-0.334514251	6.437298537	-0.922680071	0.35659724	0.572729762	-5.795846939	MAOA	0.242050248
2944	0.703345668	1.909348635	0.919140006	0.358443896	0.574104959	-5.434748627	GSTM1	0.241008702
9351	-0.249441879	6.546722963	-0.919158962	0.358433992	0.574104959	-5.80253493	SLC9A3R2	0.241008702
55630	0.280354514	3.217181925	0.915501521	0.360348165	0.575635471	-5.590512648	SLC39A4	0.239852452
6518	0.466049148	6.108066429	0.909412107	0.363549392	0.578912484	-5.805890092	SLC2A5	0.237387085
8604	-0.106919471	4.616996059	-0.903801812	0.366514483	0.581417169	-5.742105989	SLC25A12	0.235512148
51363	0.269365948	6.42603962	0.901423353	0.367776072	0.58208558	-5.821941121	CHST15	0.235013159
79053	0.077560509	5.016741803	0.898508466	0.369325888	0.583910292	-5.765796661	ALG8	0.23365387
20	0.167270083	6.276237936	0.892732044	0.372409165	0.586580545	-5.830924241	ABCA2	0.231672345
2182	0.143343308	6.442079072	0.880008439	0.379256853	0.592925522	-5.842158874	ACSL4	0.226999855
8693	-0.132564655	4.766663213	-0.874247948	0.382382459	0.59637717	-5.786078872	GALNT4	0.22447899
26154	0.461026611	2.201874208	0.871478968	0.383890511	0.59728874	-5.341063789	ABCA12	0.223815672
6505	-0.297538246	5.873958768	-0.868644635	0.38543793	0.598221205	-5.842898436	SLC1A1	0.223138197
368	-0.410223152	4.71956244	-0.868244873	0.38565649	0.598245058	-5.767000231	ABCC6	0.22312088
64924	-0.107504437	5.687294078	-0.862827525	0.388625763	0.60039953	-5.836809823	SLC30A5	0.221559656
153129	-0.100131738	3.104730066	-0.857726834	0.391434198	0.602695473	-5.52561514	SLC38A9	0.219902071
8402	0.111902406	6.083972265	0.855067771	0.392903161	0.603744207	-5.860237783	SLC25A11	0.219147023
151295	-0.641075801	3.926011715	-0.850986062	0.395164555	0.605891545	-5.571341239	SLC23A3	0.217605108
51809	0.156649641	4.349276909	0.833168656	0.405128	0.614673816	-5.801008391	GALNT7	0.211355287
29985	0.129568841	3.93150059	0.830083015	0.406868655	0.616057103	-5.689793819	SLC39A3	0.210379031
10568	0.748782293	3.178513118	0.820620192	0.412234602	0.620494794	-5.616722585	SLC34A2	0.207261858
23213	0.274184777	6.608404518	0.820529914	0.412285997	0.620494794	-5.885496834	SULF1	0.207261858
55568	0.155071815	5.300863783	0.81587762	0.41493966	0.622832574	-5.863473721	GALNT10	0.205628682
55501	0.108821443	4.437594835	0.814586197	0.415678078	0.623464178	-5.787235046	CHST12	0.205188494
115286	-0.100672068	3.888214588	-0.810574525	0.417976854	0.625319285	-5.70391564	SLC25A26	0.203898177
124935	0.162809872	6.039690567	0.808535586	0.419148084	0.626482877	-5.888346202	SLC43A2	0.203090795
8034	0.121996625	3.936488608	0.792715314	0.428301314	0.63429372	-5.766300589	SLC25A16	0.197709588
9673	-0.119171483	5.632170591	-0.789562088	0.430139538	0.635921836	-5.896293456	SLC25A44	0.196596262
353189	-0.382699105	6.28641983	-0.789403642	0.430232028	0.635978737	-5.907961644	SLCO4C1	0.196557404
51170	-0.134814512	6.232944823	-0.784481956	0.433110726	0.637991872	-5.913246524	HSD17B11	0.195184854
728661	0.118179347	6.395671892	0.780019132	0.435730669	0.639538097	-5.920429129	SLC35E2B	0.19413358
55676	-0.151911092	3.849748637	-0.773418647	0.439622302	0.643558963	-5.738195379	SLC30A6	0.191411657
9057	0.103924446	5.073765972	0.767191619	0.44331202	0.646389211	-5.894121254	SLC7A6	0.189505901
1317	0.127095722	5.539725573	0.760292612	0.447420552	0.649403579	-5.916129159	SLC31A1	0.187485322
29988	0.13053973	4.085970951	0.75755456	0.44905713	0.650657704	-5.782738819	SLC2A8	0.186647424
51312	0.171641757	4.935145457	0.740624211	0.459251998	0.659147872	-5.90237524	SLC25A37	0.181017146
80218	0.096884079	6.482867356	0.738550161	0.460509797	0.660105146	-5.952097804	NAA50	0.180386882
113235	0.120602543	5.420975383	0.732666164	0.46408862	0.663136578	-5.936796782	SLC46A1	0.178397016
79154	0.139528384	2.609952448	0.72689277	0.467615212	0.666573044	-5.52674021	DHRS11	0.176152253
1806	-0.143444935	4.968438351	-0.725478941	0.468481093	0.666904609	-5.918122695	DPYD	0.175936281
6546	-0.190406108	4.933386799	-0.723023852	0.469986793	0.668523774	-5.908252125	SLC8A1	0.174883144
9446	0.116612554	6.73620853	0.713050604	0.476130847	0.673479821	-5.96928813	GSTO1	0.171675412
112483	-0.100101531	5.460626212	-0.712781783	0.476297064	0.673498166	-5.94192571	SAT2	0.171663583
8714	0.265448224	7.272227677	0.711401879	0.477150786	0.673990228	-5.954460411	ABCC3	0.1713464
63917	-0.153248981	7.142650241	-0.704394354	0.48149915	0.677032265	-5.961894543	GALNT11	0.169390634
11000	0.137290816	4.952207164	0.690476377	0.490199404	0.683742144	-5.940465221	SLC27A3	0.165107651
200010	0.336327799	3.777748516	0.687713188	0.491936732	0.684815471	-5.744196364	SLC5A9	0.164426437
283130	0.143360914	2.876329975	0.677226567	0.49856013	0.690120199	-5.624468668	SLC25A45	0.161075261
10861	-0.243521668	2.857603659	-0.666520627	0.505370795	0.695986919	-5.491385918	SLC26A1	0.157398923
207063	0.087642727	4.817915646	0.661201083	0.508773048	0.698121355	-5.932714415	DHRSX	0.156069077
51000	0.066174262	4.622848246	0.653094449	0.513980917	0.702386766	-5.929936987	SLC35B3	0.15342368
5250	0.080290107	8.398726627	0.651301434	0.515136531	0.703310122	-5.958112148	SLC25A3	0.152853132
292	-0.135282778	7.654939587	-0.648334221	0.517051895	0.704874134	-5.99175633	SLC25A5	0.151888426
23428	-0.217379771	4.183972088	-0.632056819	0.527624533	0.713164093	-5.904491312	SLC7A8	0.146810531
1244	-0.33788511	4.26056507	-0.630281289	0.528784442	0.714152019	-5.898447524	ABCC2	0.146209332
84179	-0.17988761	2.796781135	-0.612690848	0.540345727	0.723553341	-5.634159008	SLC49A3	0.140529447
80777	0.048325592	6.361800084	0.608137215	0.543359121	0.725690674	-6.036583417	CYB5B	0.139248458
123096	0.144540664	4.097702974	0.601638418	0.54767422	0.728891319	-5.916432652	SLC25A29	0.137337222
347734	0.070171838	5.994571417	0.592806574	0.553565532	0.733169283	-6.0409144	SLC35B2	0.134795739
92014	-0.073359516	3.018418181	-0.5916899	0.554312624	0.733663719	-5.689646896	SLC25A51	0.134502957
284129	0.083738226	4.173074346	0.582627184	0.560394121	0.738393552	-5.935778898	SLC26A11	0.131712104
55902	0.085218404	5.92765556	0.578901048	0.562903899	0.740788828	-6.046967288	ACSS2	0.130305576
10786	-0.481173696	6.336244717	-0.570718291	0.568434492	0.745313516	-6.03862673	SLC17A3	0.127661003
10999	0.091480244	4.539570632	0.542234144	0.587886993	0.760996386	-5.981582853	SLC27A4	0.118617406
203427	0.105212176	4.985396488	0.53723005	0.591336036	0.763279756	-6.013966406	SLC25A43	0.117316256
124637	-0.081531503	5.354860152	-0.533270537	0.594071699	0.765352041	-6.052104691	CYB5D1	0.116138755
126133	0.077937022	4.777616018	0.532987169	0.594267703	0.765414965	-6.018022043	ALDH16A1	0.116103051
4129	-0.220592656	7.672343572	-0.525041959	0.599775382	0.770400049	-6.071966747	MAOB	0.113283698
8501	-0.136647888	2.40511809	-0.519491046	0.603637012	0.773309376	-5.535339144	SLC43A1	0.111646724
9435	-0.123249694	4.842917463	-0.509626199	0.610527239	0.778534289	-6.008310382	CHST2	0.108722255
6059	-0.056940661	5.96446104	-0.507377073	0.612103056	0.779236962	-6.080027393	ABCE1	0.108330455
6509	-0.085075485	5.317167445	-0.500337557	0.617046805	0.782318896	-6.045270198	SLC1A4	0.10661618
51126	0.043396761	5.786416211	0.493390642	0.621942648	0.78590328	-6.076726878	NAA20	0.104630899
56606	-0.152064653	4.04377396	-0.489021963	0.625030111	0.787607491	-5.942673371	SLC2A9	0.103690162
222962	-0.173926776	5.167799761	-0.485664461	0.627407444	0.788999196	-6.049533198	SLC29A4	0.102923439
8273	0.057674204	5.203441926	0.466767748	0.64085944	0.797486973	-6.059838246	SLC10A3	0.098276402
28232	-0.085544658	5.345127526	-0.466930989	0.640742716	0.797486973	-6.075366928	SLCO3A1	0.098276402
376497	-0.065448309	5.236542685	-0.460348644	0.645456352	0.80041481	-6.072966758	SLC27A1	0.096684884
1808	0.085156198	7.806212542	0.456817871	0.647990661	0.802106324	-6.087955156	DPYSL2	0.09576806
5243	0.205550526	4.735831293	0.455659071	0.648823316	0.802646238	-6.057342136	ABCB1	0.095475826
29929	0.046882718	3.746030618	0.442615984	0.658225583	0.808377469	-5.881151167	ALG6	0.0923858
8659	0.156110045	6.008214171	0.437219235	0.662131915	0.811045848	-6.108906972	ALDH4A1	0.090954595
219	-0.105281363	5.26527221	-0.436630255	0.662558798	0.811286647	-6.079597219	ALDH1B1	0.090825672
50614	-0.313881052	1.946354621	-0.43530784	0.663517663	0.811730432	-5.464659963	GALNT9	0.090588172
2328	-0.183297746	3.387335461	-0.435485985	0.66338846	0.811730432	-5.80808816	FMO3	0.090588172
57153	-0.07172225	7.792177473	-0.428649085	0.668354207	0.815200462	-6.102138308	SLC44A2	0.088735583
873	-0.068568255	6.357649246	-0.42125781	0.67373902	0.818677717	-6.126600767	CBR1	0.08688703
84102	0.085025441	4.869981572	0.417545026	0.67645028	0.820533005	-6.056247129	SLC41A2	0.085903945
56731	0.076895475	6.32454312	0.408835297	0.682827036	0.824491485	-6.127676896	SLC2A4RG	0.083813825
51167	0.068796283	4.011809388	0.404255518	0.686189249	0.826472774	-5.94195699	CYB5R4	0.082771449
2950	-0.107442743	7.819480485	-0.404417638	0.686070123	0.826472774	-6.107933954	GSTP1	0.082771449
1727	-0.05900549	8.955429033	-0.399820752	0.689450949	0.827888763	-6.06669146	CYB5R3	0.082028012
4835	-0.081452498	5.644378778	-0.397345982	0.691273627	0.828938474	-6.106743878	NQO2	0.081477703
283848	-0.193650157	3.999941041	-0.392743013	0.694668502	0.831413714	-5.941832948	CES4A	0.080182816
133688	-0.377620889	3.093345584	-0.392291885	0.695001559	0.831727808	-5.732008467	UGT3A1	0.080018778
4247	-0.041761352	5.345320922	-0.388760432	0.697610783	0.833918208	-6.10479445	MGAT2	0.078876544
11185	-0.138918064	3.69962812	-0.369838154	0.711652031	0.842467326	-5.905988356	INMT	0.074446934
81031	-0.110135845	3.321651949	-0.357895242	0.720565369	0.848440147	-5.840779099	SLC2A10	0.071378789
55226	0.030131669	5.831631584	0.353222915	0.72406293	0.850517566	-6.143531134	NAT10	0.070316712
79623	-0.141423161	7.631363721	-0.351667157	0.72522881	0.850818152	-6.130935154	GALNT14	0.070163253
4248	-0.152688427	4.353492758	-0.33944245	0.73441201	0.855760388	-5.961491839	MGAT3	0.06764782
1836	-0.05612839	4.982519989	-0.336204207	0.736851037	0.857499472	-6.105564881	SLC26A2	0.066766139
6522	0.046133107	6.917230327	0.332179699	0.73988598	0.859672177	-6.151341229	SLC4A2	0.065667129
56603	0.112359682	2.506822156	0.323442267	0.746488952	0.863595323	-5.69041024	CYP26B1	0.063689718
6526	-0.09804142	6.457663962	-0.319500852	0.749473676	0.864776574	-6.162302778	SLC5A3	0.063096084
293	-0.052939312	9.24908375	-0.318611803	0.750147449	0.86536942	-6.073751438	SLC25A6	0.062798456
121260	-0.052871077	6.505133669	-0.317354599	0.75110056	0.865698893	-6.165586325	SLC15A4	0.062633138
25979	0.040560295	4.893998367	0.311596744	0.755470547	0.867911746	-6.10179659	DHRS7B	0.061524434
2879	0.061035895	7.601717787	0.308020054	0.758189081	0.869182817	-6.152502675	GPX4	0.060888868
9187	-0.041347996	4.046692898	-0.284783374	0.775922265	0.87924916	-6.039532531	SLC24A1	0.055888038
2948	0.046108868	5.157522595	0.28446479	0.776166234	0.879284022	-6.135403284	GSTM4	0.055870819
201232	0.090614716	2.978483819	0.281294167	0.778595471	0.880900922	-5.719710179	SLC16A13	0.055072935
2990	0.027175734	6.580887384	0.264813765	0.791256732	0.888181212	-6.180366438	GUSB	0.051498418
55640	-0.05687306	3.968265873	-0.257722004	0.79672232	0.890819212	-6.0509724	FLVCR2	0.050210425
6581	-0.104049034	2.771626829	-0.251906097	0.8012121	0.892592026	-5.825879367	SLC22A3	0.049346997
51377	0.034198852	4.226287196	0.249624181	0.802975509	0.893822549	-6.046468485	UCHL5	0.048748693
3029	-0.041177869	5.355778161	-0.237938225	0.812021719	0.900233436	-6.145216812	HAGH	0.045644861
5002	0.064075237	5.355317186	0.237138425	0.812641789	0.900666511	-6.146626635	SLC22A18	0.045435985
79695	0.051560143	3.872939927	0.233009762	0.815844523	0.902941542	-6.03577708	GALNT12	0.044340366
7172	-0.038309662	6.119549291	-0.231222501	0.817231918	0.903288625	-6.184452232	TPMT	0.044173459
6514	-0.168219426	3.953241597	-0.230033325	0.818155358	0.903800362	-5.935365387	SLC2A2	0.043927489
148867	-0.027218747	5.843880716	-0.228009107	0.81972782	0.904519304	-6.183389791	SLC30A7	0.04358216
57181	-0.035401436	5.287111235	-0.218320317	0.827264272	0.907563235	-6.159711249	SLC39A10	0.042123106
23169	-0.03995934	5.265337336	-0.216809209	0.82844115	0.907839529	-6.168943544	SLC35D1	0.041990911
166012	-0.096109458	2.959443169	-0.208798989	0.834686041	0.912193913	-5.773667408	CHST13	0.03991283
10058	-0.048262774	5.542377961	-0.202201638	0.83983732	0.915112692	-6.15809058	ABCB6	0.038525421
81034	-0.020552075	4.569243889	-0.194565759	0.845808079	0.918241311	-6.09385247	SLC25A32	0.037043173
57412	-0.049802954	4.155674353	-0.192940614	0.847079996	0.918775199	-6.003675816	AS3MT	0.036790736
2946	0.049118636	5.159316479	0.191371613	0.848308351	0.919346973	-6.164749727	GSTM2	0.03652055
7922	0.02062702	6.916471652	0.187417162	0.851405883	0.921007356	-6.194089693	SLC39A7	0.035736901
2593	-0.061115301	5.466281111	-0.185187067	0.853153739	0.922016134	-6.175270018	GAMT	0.035261479
9	-0.033552262	2.394244832	-0.18197864	0.85566964	0.922872004	-5.622503273	NAT1	0.034858528
6507	0.054719419	4.184417545	0.165532636	0.868588404	0.930873203	-6.101171709	SLC1A3	0.031109472
55508	0.023831882	3.724714631	0.162004461	0.87136459	0.932236626	-5.959037396	SLC35E3	0.030473838
23315	-0.019566568	5.028154219	-0.152568313	0.878797255	0.937152645	-6.159617454	SLC9A8	0.028189665
2589	0.019204631	6.363577406	0.145293301	0.884534995	0.940856994	-6.204239787	GALNT1	0.026476382
80155	-0.014170393	5.477023316	-0.111455989	0.911297306	0.953478001	-6.17847422	NAA15	0.020689323
24142	-0.016095183	2.663251074	-0.110427705	0.912112327	0.953822312	-5.773828048	NAA80	0.020532523
254428	-0.018839796	5.960292566	-0.10990108	0.912529768	0.954004712	-6.196622638	SLC41A1	0.02044948
84925	0.016482104	3.857181511	0.10891815	0.913308973	0.954358662	-6.012369025	SLC49A4	0.02028838
55238	0.01741485	3.468593215	0.107110352	0.9147423	0.954961445	-5.978662743	SLC38A7	0.020014162
6520	0.015647293	7.287109815	0.10066017	0.919858609	0.958039151	-6.197497471	SLC3A2	0.018616743
51703	0.022197901	5.196807452	0.100371031	0.920088035	0.958079291	-6.168943642	ACSL5	0.018598547
10057	-0.020068885	5.045353661	-0.094376363	0.924846153	0.960147491	-6.179374299	ABCC5	0.017662049
22950	-0.008054674	5.100458881	-0.090486179	0.927935343	0.961668992	-6.164245925	SLC4A1AP	0.016974387
4891	0.011275939	5.697699484	0.086938586	0.930753433	0.96296962	-6.204227832	SLC11A2	0.016387414
2882	0.016607529	3.528469084	0.080844371	0.93559649	0.965859034	-5.964980315	GPX7	0.015086254
23516	0.021281521	8.180243569	0.072389905	0.942319152	0.969698037	-6.171899902	SLC39A14	0.013363484
10723	-0.010485968	7.652282588	-0.04805683	0.961689203	0.979696618	-6.187607425	SLC12A7	0.008908391
54977	0.003600584	4.537311492	0.02949584	0.976480331	0.987803544	-6.124910612	SLC25A38	0.00532942
80723	-0.003514793	3.408053547	-0.014776979	0.988215712	0.993022514	-5.834011929	SLC35G2	0.003040905
7263	0.002089897	5.047241153	0.007897675	0.993701628	0.996239387	-6.148776267	TST	0.001636292
84255	0.001011595	5.467096266	0.00742717	0.994076848	0.996445914	-6.194537357	SLC37A3	0.001546269