EGID	logFC	AveExpr	t	P.Value	adj.P.Val	B	Symbol	neglogpadj
6519	-3.488433208	8.94623466	-6.955409009	1.06E-11	3.05E-08	16.10218814	SLC3A1	7.516010395
21	-1.400386723	6.101597186	-5.771416975	1.35E-08	3.99E-06	9.321402723	ABCA3	5.399479716
353189	-3.662876876	6.28641983	-5.737593398	1.63E-08	4.48E-06	9.143450185	SLCO4C1	5.349165342
4129	-2.676118019	7.672343572	-5.238558384	2.36E-07	3.51E-05	6.62395078	MAOB	4.454210539
79085	-1.052429451	7.051383551	-5.202217999	2.84E-07	3.98E-05	6.4437294	SLC25A23	4.399901337
126969	-1.528993827	5.196564534	-5.089522876	5.03E-07	6.10E-05	5.929442458	SLC44A3	4.214333087
6584	-1.537688009	6.309981771	-5.077681032	5.34E-07	6.35E-05	5.853516028	SLC22A5	4.197395542
2542	-1.30137216	7.492152977	-5.06240559	5.76E-07	6.72E-05	5.780567799	SLC37A4	4.172874157
2948	-0.977696826	5.157522595	-4.928392727	1.12E-06	0.000106108	5.175752235	GSTM4	3.974251711
2166	-1.833158226	4.533941474	-4.854459925	1.60E-06	0.000133848	4.868748234	FAAH	3.873389384
9154	-3.705701495	6.514046374	-4.820946998	1.88E-06	0.000148582	4.704909012	SLC28A1	3.828032664
6556	1.719713163	3.129234774	4.776942757	2.32E-06	0.000174017	4.525946693	SLC11A1	3.759407262
2053	-1.67245457	5.747877982	-4.7219262	3.01E-06	0.000204951	4.252470234	EPHX2	3.688350943
6505	-2.002039402	5.873958768	-4.697295956	3.38E-06	0.000226206	4.136289552	SLC1A1	3.645496584
55244	-3.488352279	7.162883813	-4.678660052	3.69E-06	0.000242711	4.059280103	SLC47A1	3.614910371
216	-1.763206832	8.849694141	-4.670200526	3.84E-06	0.000248209	4.019473847	ALDH1A1	3.605182778
4128	-1.988167382	6.437298537	-4.51446623	7.86E-06	0.00040612	3.337760679	MAOA	3.391345713
9027	-4.79037757	7.035282909	-4.487577558	8.88E-06	0.000446938	3.287343849	NAT8	3.349752656
6578	-1.889876252	6.987950471	-4.409454639	1.26E-05	0.00056876	2.896321197	SLCO2A1	3.245070968
387700	-3.860285131	5.757476135	-4.395344719	1.34E-05	0.000591956	2.920491171	SLC16A12	3.22771022
6296	-1.569364164	4.657497612	-4.346224826	1.67E-05	0.000686529	2.701306982	ACSM3	3.163341238
79799	-4.108923536	6.297137475	-4.243348425	2.61E-05	0.000928188	2.294860964	UGT2A3	3.032364068
6540	-4.180657224	6.383515366	-4.20997248	3.01E-05	0.001034934	2.164888468	SLC6A13	2.985087245
6582	-4.587316288	6.810916211	-4.19393958	3.22E-05	0.001084876	2.10324474	SLC22A2	2.964619898
8671	-1.869605227	7.24084425	-4.093476865	4.93E-05	0.00149568	1.63098804	SLC4A4	2.825161315
56606	-1.636741381	4.04377396	-4.018340247	6.73E-05	0.001918653	1.45063559	SLC2A9	2.717003611
2327	-3.126662084	4.771638141	-3.987893258	7.62E-05	0.002088074	1.346894059	FMO2	2.680254209
63917	-1.042236887	7.142650241	-3.981910816	7.81E-05	0.002120016	1.203106078	GALNT11	2.673660879
11185	-2.01557739	3.69962812	-3.979551316	7.89E-05	0.002130714	1.333046015	INMT	2.671474889
84869	-0.667107619	4.713002175	-3.946870298	9.01E-05	0.002331953	1.115443542	CBR4	2.632280171
10723	-1.032514378	7.652282588	-3.912689027	0.000103428	0.002501165	0.95018926	SLC12A7	2.60185763
79695	-1.107501395	3.872939927	-3.895068767	0.00011101	0.002657257	0.987054652	GALNT12	2.575566507
23491	-3.103832871	4.974024064	-3.828138766	0.000144882	0.003213662	0.750543265	CES3	2.492999767
11182	1.015516459	2.451245957	3.811800598	0.000154522	0.003363789	0.745137909	SLC2A6	2.473171228
51312	1.073795234	4.935145457	3.799205225	0.000162364	0.003502124	0.557581664	SLC25A37	2.455668507
9619	-0.871118814	6.159895974	-3.761874693	0.000187869	0.003902172	0.395082518	ABCG1	2.408693585
4524	-0.80722222	5.542765798	-3.748681323	0.000197753	0.004015414	0.359431329	MTHFR	2.396269641
11001	-2.796969019	4.754595049	-3.72291869	0.000218483	0.004331785	0.396489894	SLC27A2	2.363333151
224	-0.991068133	7.241591903	-3.707641809	0.000231725	0.004467502	0.199771686	ALDH3A2	2.349935264
10249	-4.128352933	5.114211509	-3.694123577	0.000244069	0.004658677	0.328057305	GLYAT	2.331737359
2678	-2.027290633	6.988998678	-3.661148568	0.000276824	0.004992588	0.044495018	GGT1	2.301674281
284439	-1.060091629	5.123490002	-3.65170937	0.000286935	0.005112311	0.053338445	SLC25A42	2.291382737
10786	-4.600598155	6.336244717	-3.637765601	0.000302508	0.005275258	0.091624459	SLC17A3	2.2777563
6539	-1.693452742	5.35865867	-3.626943151	0.000315139	0.005402311	-0.034981813	SLC6A12	2.267420444
7355	0.490723866	4.872004346	3.585000944	0.000368917	0.006017637	-0.195506489	SLC35A2	2.220574019
125206	-4.545126739	4.818646562	-3.575462864	0.000382293	0.006175949	-0.043808627	SLC5A10	2.209296329
54988	-2.150751931	4.709974294	-3.558117732	0.00040779	0.006411947	-0.187769089	ACSM5	2.193010099
9122	-1.323825912	6.682101648	-3.550389074	0.000419657	0.006572211	-0.341698318	SLC16A4	2.182288506
57153	-0.684746877	7.792177473	-3.530020648	0.000452499	0.006925316	-0.403079344	SLC44A2	2.159560392
113829	-0.434080013	7.089016886	-3.482407362	0.000538886	0.007854536	-0.57195243	SLC35A4	2.104879461
2329	-0.915325738	3.526867734	-3.468264019	0.000567377	0.008141214	-0.440653235	FMO4	2.089310813
368	-2.085174632	4.71956244	-3.45178508	0.000602344	0.008515973	-0.574567156	ABCC6	2.06976571
284723	-1.749255043	2.224040946	-3.440408496	0.000627647	0.008747695	-0.475271078	SLC25A34	2.058106363
57210	-0.848388598	5.136943439	-3.43226086	0.000646375	0.008917416	-0.688765126	SLC45A4	2.049760949
10257	-1.087230118	6.005440119	-3.404868285	0.000713227	0.009534256	-0.819949063	ABCC4	2.020713213
55867	-3.770349864	5.241639918	-3.378428693	0.000783817	0.010188751	-0.713686779	SLC22A11	1.991879047
220963	-2.646878531	5.537450628	-3.366990224	0.000816327	0.010495502	-0.852416905	SLC16A9	1.978996776
411	-0.877020098	5.934736307	-3.367209635	0.000815692	0.010495502	-0.939932257	ARSB	1.978996776
6568	-3.474625863	3.368732226	-3.334029634	0.000917158	0.011323052	-0.799013464	SLC17A1	1.946036503
5825	-0.599890065	6.145538254	-3.33400116	0.00091725	0.011323052	-1.053755035	ABCD3	1.946036503
6555	-4.078665115	2.588429716	-3.315953273	0.000977256	0.01184068	-0.846803935	SLC10A2	1.926623348
2651	-0.7746997	4.701934736	-3.311505111	0.000992595	0.012001838	-1.049837251	GCNT2	1.920752224
2878	-1.345445912	10.9751216	-3.304396925	0.001017572	0.012211592	-1.063956968	GPX3	1.913227705
223	-0.540743521	6.980047607	-3.291759325	0.001063424	0.012688899	-1.190400209	ALDH9A1	1.896576045
6510	0.772610716	6.263231312	3.266986347	0.001158917	0.01351343	-1.266869279	SLC1A5	1.869234396
7922	0.437802071	6.916471652	3.262557531	0.001176804	0.013600809	-1.279081433	SLC39A7	1.866435248
6560	-0.532308852	6.58389487	-3.263306404	0.001173762	0.013600809	-1.279259012	SLC12A4	1.866435248
54977	0.4826818	4.537311492	3.250061371	0.001228663	0.013913432	-1.25999464	SLC25A38	1.856565741
7915	-0.861466916	5.082010621	-3.235384565	0.001292272	0.014453076	-1.316811367	ALDH5A1	1.840039706
11136	-2.861359697	3.346607035	-3.218013534	0.001371492	0.01506964	-1.137813404	SLC7A9	1.821897126
124936	-0.510343517	4.900024941	-3.194991612	0.00148341	0.01599193	-1.431212944	CYB5D2	1.796099128
145389	0.561358859	3.344731708	3.181340619	0.001553699	0.016540206	-1.349126511	SLC38A6	1.781459084
79623	-1.555153481	7.631363721	-3.166093896	0.001635832	0.017132908	-1.563015864	GALNT14	1.766168917
11320	-0.662541761	6.472552482	-3.160928125	0.001664556	0.017249383	-1.593228692	MGAT4A	1.763226442
80736	-2.505089385	3.458847239	-3.145245412	0.001754636	0.017875735	-1.352935962	SLC44A4	1.747736083
9673	-0.574102551	5.632170591	-3.135307068	0.001814026	0.018353762	-1.654521747	SLC25A44	1.736274914
6561	-4.080767905	2.78956668	-3.12573077	0.001872999	0.018789018	-1.393605476	SLC13A1	1.72609592
10050	-4.264762296	4.193204841	-3.111779735	0.001962078	0.019403852	-1.441141216	SLC17A4	1.712112037
9429	-1.553050338	3.98002286	-3.10870786	0.00198221	0.019486214	-1.526245305	ABCG2	1.710272541
2593	-1.282273339	5.466281111	-3.091193795	0.002100664	0.020328286	-1.766234741	GAMT	1.69189923
4247	0.4016889	5.345320922	3.082583751	0.002161254	0.020706387	-1.804770673	MGAT2	1.68389567
284613	-0.586621512	4.333926769	-3.052849398	0.002383065	0.021960376	-1.820379623	CYB561D1	1.658360227
64902	-3.363004618	4.7689799	-3.048386948	0.002418102	0.022127981	-1.712980842	AGXT2	1.655058206
64577	-2.768095384	4.400157715	-3.044283521	0.002450737	0.022253148	-1.73886215	ALDH8A1	1.652608542
50515	0.774049714	3.553680772	3.0371597	0.002508355	0.022550304	-1.8219889	CHST11	1.646847596
50614	-2.789404823	1.946354621	-3.031968874	0.002551119	0.022830186	-1.64003505	GALNT9	1.641490557
2939	-3.700596444	5.479431536	-3.03044878	0.002563768	0.02289496	-1.773525764	GSTA2	1.640260117
788	-0.451321438	4.265943779	-3.029932479	0.002568077	0.02289496	-1.86966308	SLC25A20	1.640260117
340024	-4.096043784	2.454296888	-3.029517566	0.002571545	0.022908535	-1.666170705	SLC6A19	1.640002688
4248	-1.694337809	4.353492758	-3.024105253	0.002617176	0.023122646	-1.823006328	MGAT3	1.63596247
8659	-1.313981019	6.008214171	-2.992739289	0.002896564	0.02493628	-2.072048993	ALDH4A1	1.60316833
2650	1.072999796	2.712512127	2.9917724	0.002905595	0.02497751	-1.827801326	GCNT1	1.602450862
9368	-0.728155612	7.59733576	-2.976827318	0.003048502	0.025842403	-2.122144918	SLC9A3R1	1.587667103
6531	-3.774725989	5.813402886	-2.976055217	0.003056057	0.02587432	-2.004178747	SLC6A3	1.587131062
283375	-3.271640752	4.432765382	-2.973559875	0.00308059	0.02602561	-1.897656563	SLC39A5	1.584599079
55343	0.39118277	4.773834074	2.941226961	0.003415179	0.028047817	-2.187526415	SLC35C1	1.552100942
113235	-0.593073922	5.420975383	-2.937993939	0.003450398	0.028277899	-2.221552585	SLC46A1	1.548552864
10861	-1.308160967	2.857603659	-2.919497202	0.003658344	0.02948961	-1.967471876	SLC26A1	1.530330977
9249	-0.639034038	7.113464505	-2.913132778	0.003732497	0.029998992	-2.313016682	DHRS3	1.522893343
6514	-3.128148012	3.953241597	-2.911559893	0.003751032	0.030047349	-2.029576429	SLC2A2	1.522193846
5243	-1.705593865	4.735831293	-2.905551507	0.003822614	0.030384758	-2.238540241	ABCB1	1.51734422
3176	-0.670803053	6.585867768	-2.875009755	0.004206091	0.032270447	-2.419562003	HNMT	1.491195014
217	-0.689812776	7.689295232	-2.87297235	0.004232877	0.032412612	-2.411867627	ALDH2	1.489285972
1809	1.105268647	6.238737924	2.868022298	0.004298604	0.032787994	-2.431352124	DPYSL3	1.484285157
2590	0.738941646	6.884199391	2.866195842	0.004323089	0.032932098	-2.438264867	GALNT2	1.482380594
160728	-3.991531738	2.806531377	-2.864031462	0.004352269	0.03306882	-2.096733967	SLC5A8	1.480581302
9351	-0.926602264	6.546722963	-2.862583707	0.004371887	0.033196462	-2.447483157	SLC9A3R2	1.478908204
114134	-0.749087301	4.843918943	-2.850526874	0.004538413	0.034218242	-2.436068876	SLC2A13	1.465742301
124637	-0.525107064	5.354860152	-2.850619501	0.004537112	0.034218242	-2.463511477	CYB5D1	1.465742301
501	-0.474709986	6.589164538	-2.839920407	0.00468965	0.035044421	-2.51718071	ALDH7A1	1.45538111
10165	-0.481769577	5.385977804	-2.805416949	0.005213818	0.037903168	-2.584817449	SLC25A13	1.421324485
84532	-0.705315954	6.094601526	-2.786566438	0.005522101	0.039466376	-2.649581014	ACSS1	1.403772752
200010	-1.720992788	3.777748516	-2.767236683	0.005855265	0.041193225	-2.479364324	SLC5A9	1.385174207
116085	-3.797012442	3.115414154	-2.749270633	0.006181108	0.04292153	-2.392000717	SLC22A12	1.36732481
26154	-1.92571057	2.201874208	-2.740609444	0.006343969	0.043691767	-2.39704205	ABCA12	1.359600388
79581	0.587745552	4.979536996	2.720608909	0.006734941	0.04532423	-2.796507155	SLC52A2	1.343669567
8402	-0.433992258	6.083972265	-2.719626589	0.006754692	0.045371908	-2.836014255	SLC25A11	1.343212962
6575	-0.473083528	4.742332762	-2.716951898	0.006808734	0.04555176	-2.76335214	SLC20A2	1.341494837
201232	-1.052373853	2.978483819	-2.71388051	0.006871272	0.045770908	-2.531211147	SLC16A13	1.339410475
55226	0.278501378	5.831631584	2.692312546	0.007325201	0.047874682	-2.903769788	NAT10	1.319894095
166012	-1.519123003	2.959443169	-2.675489616	0.007697805	0.049729594	-2.630372514	CHST13	1.303385083
1807	-2.207659611	4.986048173	-2.668559449	0.00785619	0.05053105	-2.837282846	DPYS	1.296441681
54020	-0.620228429	3.938966847	-2.655565556	0.008161069	0.051969655	-2.835482898	SLC37A1	1.284250166
159963	-3.5374934	4.936453094	-2.64621707	0.00838694	0.052876335	-2.766343119	SLC5A12	1.276738655
10195	0.513778999	4.937199044	2.63190741	0.00874355	0.054224746	-3.015392909	ALG3	1.265802477
9245	-1.443092873	3.207725351	-2.627958251	0.008844331	0.054630849	-2.744294773	GCNT3	1.262562051
23456	-0.479115791	4.613501689	-2.623931806	0.008948154	0.054829556	-3.013556904	ABCB10	1.260985268
81539	-0.644826472	8.295105195	-2.621577221	0.009009372	0.055004341	-3.052920763	SLC38A1	1.259603031
5002	-0.864925395	5.355317186	-2.602805051	0.009511011	0.057148558	-3.09750371	SLC22A18	1.242994722
80218	0.418783786	6.482867356	2.598031986	0.009642478	0.057615153	-3.150637682	NAA50	1.239463279
6523	-3.549890178	4.034646414	-2.595342939	0.009717258	0.057851137	-2.802509697	SLC5A1	1.237688103
8260	0.473240262	5.159660713	2.594738617	0.009734135	0.057869208	-3.12499822	NAA10	1.237552458
79751	0.536903192	3.899798308	2.57563922	0.010281198	0.059967459	-3.082034748	SLC25A22	1.222084356
29929	-0.326392405	3.746030618	-2.54360684	0.011260525	0.063880156	-3.094735883	ALG6	1.19463403
2326	-2.125242421	5.16946073	-2.513894765	0.012242298	0.06743571	-3.240583163	FMO1	1.171110067
9356	-3.66766885	1.822593957	-2.49162541	0.013027274	0.07050653	-2.937580696	SLC22A6	1.151770661
8714	-1.120563633	7.272227677	-2.475629143	0.013618366	0.072541258	-3.441203055	ABCC3	1.13941492
291	-0.586323372	5.820062787	-2.47169053	0.013767502	0.07313481	-3.434488021	SLC25A4	1.13587586
3291	-1.555734186	5.004899967	-2.471128794	0.01378889	0.07314944	-3.299559113	HSD11B2	1.135788995
51809	0.568226733	4.349276909	2.458161108	0.014290872	0.07506851	-3.421462888	GALNT7	1.124542203
24142	0.440970424	2.663251074	2.45662953	0.014351215	0.075284746	-3.16066748	NAA80	1.123293012
8501	0.766190052	2.40511809	2.440519854	0.014999702	0.077410817	-3.138384224	SLC43A1	1.111198348
493869	0.651476651	5.342680716	2.433837116	0.015276221	0.078479689	-3.519445335	GPX8	1.105242728
28232	-0.52866106	5.345127526	-2.425804919	0.015614527	0.079538188	-3.532754298	SLCO3A1	1.09942431
283848	-1.497594224	3.999941041	-2.400530972	0.016722551	0.083983573	-3.4267016	CES4A	1.07580565
10840	-1.784560185	5.802672382	-2.385943784	0.017393087	0.08637295	-3.553680108	ALDH1L1	1.063622245
23315	-0.375736063	5.028154219	-2.37038509	0.018134233	0.088506781	-3.650785308	SLC9A8	1.053023452
6546	-0.767646134	4.933386799	-2.366571549	0.018320072	0.089052243	-3.649395858	SLC8A1	1.050355136
9963	-1.651013873	2.600216361	-2.365369251	0.018379007	0.089183997	-3.307268717	SLC23A1	1.049713068
151295	-2.426446139	3.926011715	-2.357978279	0.018744972	0.090438154	-3.398717996	SLC23A3	1.043648311
144245	-0.434863525	4.06350365	-2.356283345	0.018829792	0.090661678	-3.574624672	ALG10B	1.042576245
220	1.049562744	3.848346812	2.352516419	0.019019509	0.0912066	-3.636313618	ALDH1A3	1.039973735
51706	-0.309085248	5.993041117	-2.35249855	0.019020413	0.0912066	-3.728346592	CYB5R1	1.039973735
8693	-0.434798282	4.766663213	-2.346235099	0.01933959	0.09247355	-3.690789737	GALNT4	1.033982469
6515	0.895667634	6.929935592	2.320026055	0.020726627	0.096588472	-3.802575767	SLC2A3	1.015074704
51126	0.248526803	5.786416211	2.319405058	0.02076052	0.096632488	-3.79614959	NAA20	1.014876837
6520	0.438191017	7.287109815	2.300674973	0.021805806	0.100080661	-3.840901315	SLC3A2	0.999649833
1244	-1.490105028	4.26056507	-2.293942118	0.022192621	0.100990148	-3.738875465	ABCC2	0.995720991
2328	-1.212324075	3.387335461	-2.280905244	0.022958656	0.103429179	-3.583576038	FMO3	0.985356922
55902	-0.409106249	5.92765556	-2.265467671	0.023895453	0.106309295	-3.923826954	ACSS2	0.973428761
6819	-1.180969385	4.603946035	-2.240146598	0.025504056	0.112033297	-3.849871615	SULT1C2	0.950652885
11068	0.389301939	3.725454061	2.213362275	0.027307071	0.116986311	-3.85903242	CYB561D2	0.931864952
29015	0.596221488	5.842788116	2.177895248	0.029863576	0.124408679	-4.109187908	SLC43A3	0.905149321
2180	-0.669043156	7.908293834	-2.163562257	0.030953824	0.127596255	-4.128984041	ACSL1	0.894162072
79939	-0.284874426	6.719525051	-2.159728093	0.031251218	0.128015859	-4.157609192	SLC35E1	0.892736226
66035	-0.457145265	3.559586027	-2.1571626	0.031451578	0.128555264	-3.926876071	SLC2A11	0.890910134
55974	0.351721828	4.969272319	2.156188327	0.031527956	0.128701818	-4.11618958	SLC50A1	0.89041532
2954	0.544679329	3.558365336	2.141258844	0.032718457	0.132414181	-3.980493282	GSTZ1	0.878065502
373156	-0.416762516	7.4470948	-2.11146292	0.035210189	0.138408009	-4.244688926	GSTK1	0.858838778
84263	-0.439150463	6.466441832	-2.072537452	0.038708683	0.14686603	-4.335034244	HSDL2	0.833078643
6573	0.533884928	2.938128535	2.062513766	0.039656129	0.149449675	-4.066728673	SLC19A1	0.825505026
316	-1.33476828	5.283187449	-2.058559236	0.040035307	0.150301502	-4.319694667	AOX1	0.82303668
23461	-0.532282965	4.688651845	-2.057767688	0.040111573	0.150443949	-4.274079071	ABCA5	0.822625275
6583	-0.912269175	3.365766836	-2.052961661	0.040577297	0.15156322	-4.065948132	SLC22A4	0.819406178
147015	-0.602330412	3.608334798	-2.04031777	0.041824551	0.154506819	-4.132655958	DHRS13	0.811052348
79796	-0.176480081	5.103812111	-2.012543095	0.044679009	0.162021108	-4.410594521	ALG9	0.790428403
60386	0.370033683	3.392798833	2.011949944	0.044741722	0.162030524	-4.219890277	SLC25A19	0.790403163
3029	-0.424208372	5.355778161	-1.996690364	0.046380899	0.165523591	-4.446944619	HAGH	0.7811401
89845	0.369068741	3.863188936	1.989563877	0.047163624	0.167162106	-4.357017326	ABCC10	0.776862165
10057	0.524734119	5.045353661	1.987034398	0.047444111	0.167792581	-4.467398224	ABCC5	0.775227245
64116	-0.521888156	5.50448839	-1.977935602	0.048464709	0.169972863	-4.49711685	SLC39A8	0.769620409
10568	-2.983309327	3.178513118	-1.96010033	0.050518961	0.174629235	-4.087250763	SLC34A2	0.757883048
222962	-0.867399473	5.167799761	-1.937906993	0.053176872	0.179981421	-4.521687887	SLC29A4	0.744772323
80221	0.642146797	3.500713295	1.915697219	0.055953054	0.186525737	-4.410229722	ACSF2	0.729261235
1806	0.460902974	4.968438351	1.907465164	0.057012339	0.188480349	-4.61829774	DPYD	0.724733922
115286	0.284440401	3.888214588	1.891112	0.059166294	0.193105938	-4.510998755	SLC25A26	0.714204371
25979	-0.303108993	4.893998367	-1.889614133	0.059366928	0.193459964	-4.615572122	DHRS7B	0.713408896
8604	-0.272582486	4.616996059	-1.877689707	0.060984441	0.196723832	-4.631542915	SLC25A12	0.706143025
4258	-0.311869824	5.497401824	-1.875417196	0.061296817	0.197184544	-4.676652204	MGST2	0.70512713
54407	0.30237806	7.748199127	1.861403698	0.063252584	0.200951089	-4.705129157	SLC38A2	0.696909636
6542	0.798566559	5.699499884	1.847599964	0.065229362	0.204636706	-4.734892522	SLC7A2	0.689016465
84068	-0.276504314	3.373986715	-1.842474377	0.065976267	0.206320366	-4.482962393	SLC10A7	0.685457901
4329	-0.791927591	4.355089083	-1.839670395	0.066387848	0.206893275	-4.625141896	ALDH6A1	0.684253625
6303	0.394295849	8.135804879	1.81329478	0.070364142	0.214528947	-4.786159268	SAT1	0.668514099
9962	-0.324613513	5.835855702	-1.813288019	0.070365185	0.214528947	-4.809544755	SLC23A2	0.668514099
2686	-0.443652971	4.383547024	-1.805104515	0.071638031	0.216843033	-4.714289913	GGT7	0.663854526
9197	-0.326592583	5.307771219	-1.77803412	0.075983938	0.225573882	-4.843628278	SLC33A1	0.646711187
84912	-0.296616267	5.382280837	-1.777690596	0.076040444	0.225573882	-4.848664673	SLC35B4	0.646711187
55238	0.351913441	3.468593215	1.774925992	0.076496443	0.226470239	-4.68202865	SLC38A7	0.644988861
9446	0.350685966	6.73620853	1.753574181	0.080094066	0.233483404	-4.925780667	GSTO1	0.631743984
8884	0.312140078	4.389855874	1.738775674	0.0826675	0.237921942	-4.859142752	SLC5A6	0.623565504
84138	0.267752243	3.028497613	1.738326303	0.082746684	0.237975018	-4.626206778	SLC7A6OS	0.623468632
1727	-0.31426322	8.955429033	-1.730452526	0.084144162	0.240642497	-4.900965542	CYB5R3	0.618627676
10061	0.219853595	5.776785012	1.728350354	0.084520489	0.241425614	-4.963849789	ABCF2	0.617216656
10999	0.358211819	4.539570632	1.720818031	0.08588014	0.244243036	-4.898104203	SLC27A4	0.612177811
23169	-0.38690349	5.265337336	-1.719423908	0.086133725	0.244728689	-4.962474843	SLC35D1	0.611315116
7782	-0.55452147	2.386530029	-1.706006271	0.088605476	0.248394832	-4.568377862	SLC30A4	0.604857444
11000	-0.421063565	4.952207164	-1.704084663	0.088964115	0.248959827	-4.944112174	SLC27A3	0.603870726
1534	-0.29481843	6.041111594	-1.703394267	0.089093254	0.249050854	-5.007564675	CYB561	0.603711964
51363	-0.615144191	6.42603962	-1.699612471	0.089803326	0.250581986	-5.015742334	CHST15	0.601050152
254428	-0.355534429	5.960292566	-1.698866586	0.089943912	0.250892812	-5.007881006	SLC41A1	0.600511781
6548	0.298662329	5.285807603	1.683960645	0.092790849	0.255984501	-5.01606526	SLC9A1	0.591786329
9057	0.276871214	5.073765972	1.670833426	0.095357737	0.260020391	-5.025650893	SLC7A6	0.584992593
2182	0.335270922	6.442079072	1.669547431	0.095612237	0.260593686	-5.066701781	ACSL4	0.584036111
115817	-0.298927288	4.268144983	-1.648743421	0.099805651	0.268458544	-4.972309926	DHRS1	0.57112277
9016	0.234394222	2.757658062	1.646496163	0.100267296	0.268985864	-4.714038384	SLC25A14	0.570270543
23428	0.672803689	4.183972088	1.638582366	0.101906602	0.271988659	-5.016540008	SLC7A8	0.565449204
2946	-0.520288542	5.159316479	-1.619379067	0.105973482	0.278209918	-5.095448224	GSTM2	0.555627392
1808	-0.360128216	7.806212542	-1.60120981	0.10993922	0.283937323	-5.153670947	DPYSL2	0.546777517
376497	-0.277660588	5.236542685	-1.583092004	0.114009941	0.290861637	-5.159261608	SLC27A1	0.536313556
10347	0.501997219	3.242181701	1.567198309	0.117678119	0.296448172	-4.963841633	ABCA7	0.528051223
201266	0.290127682	4.52370241	1.563108835	0.118636815	0.297717196	-5.158747562	SLC39A11	0.526196079
253512	-0.364754612	5.609152615	-1.551275618	0.121445496	0.302509222	-5.234927698	SLC25A30	0.519261381
56731	-0.352924791	6.32454312	-1.529066092	0.126857586	0.311315231	-5.279760058	SLC2A4RG	0.506799631
57404	-0.207608665	4.744718607	-1.52331212	0.128289997	0.313004205	-5.222624216	CYP20A1	0.504449828
10060	-0.565879197	4.787943244	-1.521056553	0.128854933	0.313667745	-5.211214909	ABCC9	0.503530138
728661	-0.281632893	6.395671892	-1.517208985	0.129823078	0.315142864	-5.301720048	SLC35E2B	0.501492522
2944	-1.789097942	1.909348635	-1.515972649	0.130135371	0.315658271	-4.771545157	GSTM1	0.500782826
11046	-0.233107407	5.127902332	-1.514103048	0.130608733	0.316367554	-5.266317064	SLC35D2	0.499808063
80270	-0.51834406	6.81728281	-1.510633744	0.131490671	0.317759258	-5.309684237	HSD3B7	0.497901787
79612	-0.273795406	3.511940318	-1.500752231	0.134028049	0.320692469	-5.093158817	NAA16	0.493911239
54978	-0.290947821	6.777347732	-1.47748551	0.140152389	0.328726545	-5.358666237	SLC35F6	0.483165225
2876	0.352936687	7.698559507	1.476553937	0.140402023	0.32901949	-5.33741306	GPX1	0.482778375
1317	0.298853188	5.539725573	1.475425936	0.140704753	0.329309209	-5.345952845	SLC31A1	0.482396125
79829	0.235930635	4.224332107	1.465548206	0.143377255	0.332982437	-5.274321882	NAA40	0.477578673
6509	-0.300359316	5.317167445	-1.460818858	0.144670566	0.334594841	-5.338088899	SLC1A4	0.47548076
20	-0.331837157	6.276237936	-1.453077565	0.146806862	0.337026201	-5.392522024	ABCA2	0.472336335
55652	-0.267626599	5.092930037	-1.452447384	0.146981826	0.337296345	-5.349714091	SLC48A1	0.471988365
25800	0.294391461	6.376604149	1.439656123	0.150567885	0.342742735	-5.413812788	SLC39A6	0.465031741
81034	0.184396524	4.569243889	1.438354041	0.150936646	0.343162331	-5.327518045	SLC25A32	0.464500391
19	-0.393473868	6.853917714	-1.429420446	0.153485354	0.347347621	-5.424070121	ABCA1	0.459235672
1728	0.366450691	5.483393005	1.424266503	0.154970604	0.349700862	-5.410686621	NQO1	0.456303297
8140	0.752276926	5.392700412	1.417751907	0.156863594	0.352016491	-5.424323965	SLC7A5	0.453436991
284129	-0.254033492	4.173074346	-1.408687963	0.159526546	0.355285528	-5.324035553	SLC26A11	0.449422482
7779	-0.427112909	4.170282591	-1.404473032	0.160776497	0.357190116	-5.315148242	SLC30A1	0.447100567
5832	0.214344209	6.476298195	1.385775071	0.166411052	0.36573923	-5.487549093	ALDH18A1	0.436828454
29985	0.263122415	3.93150059	1.383140972	0.167216648	0.366792786	-5.306125907	SLC39A3	0.435579214
79807	-0.279615073	3.328274386	-1.376801386	0.169167552	0.369003521	-5.216765656	GSTCD	0.43296949
55032	-0.222238303	5.457028693	-1.375309692	0.169629075	0.369743035	-5.472614529	SLC35A5	0.432099998
347734	0.200558831	5.994571417	1.373845551	0.170082994	0.370458187	-5.49926478	SLC35B2	0.431260802
3491	0.576966485	7.838879067	1.359580577	0.174553355	0.375948246	-5.503839872	CCN1	0.424871937
128	-0.1916799	7.331617608	-1.352004907	0.176962904	0.37892584	-5.523167734	ADH5	0.421445778
23443	-0.333977704	3.980841263	-1.350340781	0.177495516	0.379822139	-5.356502569	SLC35A3	0.420419724
283537	-0.336291313	5.218553545	-1.347972513	0.178255556	0.381001032	-5.502185732	SLC46A3	0.419073848
7172	-0.273350924	6.119549291	-1.345241344	0.179135074	0.382093522	-5.536841165	TPMT	0.417830326
91252	0.269809677	5.968670966	1.343995429	0.179537368	0.382344744	-5.538443878	SLC39A13	0.417544876
124935	-0.33114754	6.039690567	-1.341149236	0.180458904	0.383137645	-5.534600856	SLC43A2	0.416645175
124565	0.216156829	7.153460751	1.340186823	0.180771309	0.383524357	-5.541755302	SLC38A10	0.416207049
29880	-0.174137483	5.109940026	-1.339734516	0.180918269	0.383697904	-5.491736599	ALG5	0.416010574
10058	-0.390771105	5.542377961	-1.335666913	0.182243886	0.385329666	-5.521665642	ABCB6	0.414167554
6563	-0.676764138	2.66316322	-1.31475441	0.189173397	0.394247937	-5.103357211	SLC14A1	0.40423057
120227	0.215326505	3.174899332	1.300525578	0.193998357	0.399961871	-5.283349807	CYP2R1	0.397981409
51171	-0.460914677	4.990502306	-1.289361588	0.197847008	0.403820488	-5.542663924	HSD17B14	0.393811651
51635	0.295613136	6.165117417	1.286562584	0.198820656	0.40524591	-5.613257707	DHRS7	0.39228136
113612	-0.269663926	4.093206352	-1.284344387	0.199594759	0.406261229	-5.469572971	CYP2U1	0.391194622
51170	-0.268458918	6.232944823	-1.276336739	0.202407626	0.410002513	-5.625712085	HSD17B11	0.387213481
55959	0.420501036	7.243529445	1.258647554	0.208723809	0.417695888	-5.636459845	SULF2	0.3791398
9469	-0.388235094	5.309615682	-1.257407087	0.209172052	0.418308585	-5.613532962	CHST3	0.378503222
133688	-1.570028911	3.093345584	-1.252534955	0.210939365	0.420059671	-5.205579645	UGT3A1	0.376689012
148867	-0.183026674	5.843880716	-1.2415012	0.214981722	0.425376301	-5.665087659	SLC30A7	0.37122671
199857	-0.183998765	3.374290504	-1.239059088	0.21588394	0.426856394	-5.341707714	ALG14	0.369718208
10560	0.409248987	3.491228193	1.238476437	0.216099599	0.427085916	-5.465775251	SLC19A2	0.36948475
85414	-0.422093154	2.745326592	-1.235688513	0.217133657	0.428410635	-5.263069116	SLC45A3	0.368139756
5826	-0.186592637	5.401498248	-1.223246038	0.221792166	0.434111075	-5.665636554	ABCD4	0.362399134
221	-0.393822146	5.594286431	-1.212249491	0.225968718	0.439800627	-5.690702356	ALDH3B1	0.356744156
4891	0.191843192	5.697699484	1.206242031	0.228274023	0.442095571	-5.70693851	SLC11A2	0.354483836
80777	-0.116031758	6.361800084	-1.192163583	0.233742185	0.447388543	-5.730722202	CYB5B	0.349315141
79087	-0.181973262	5.127979418	-1.191499912	0.234002237	0.447668023	-5.682538733	ALG12	0.349043926
2941	-0.251670255	4.484441958	-1.165859249	0.244207112	0.460850782	-5.627536146	GSTA4	0.336439671
2990	-0.146910493	6.580887384	-1.164420585	0.244788838	0.461482015	-5.763169354	GUSB	0.335845219
1593	-0.401565126	6.137134598	-1.161393076	0.246016202	0.462253579	-5.761396751	CYP27A1	0.335119717
84255	-0.194728368	5.467096266	-1.161099091	0.246135615	0.462392589	-5.7465752	SLC37A3	0.334989135
9990	-0.251555046	5.222708042	-1.157361281	0.247657417	0.463698155	-5.736234374	SLC12A6	0.333764632
85365	-0.18508594	5.504293059	-1.152586552	0.249610978	0.46631797	-5.743548495	ALG2	0.331317848
121260	-0.23331213	6.505133669	-1.150071972	0.250644138	0.467654628	-5.778694401	SLC15A4	0.330074763
9187	-0.199865953	4.046692898	-1.122637539	0.26211079	0.479477908	-5.657919835	SLC24A1	0.319231398
81031	0.405504911	3.321651949	1.101276179	0.271287201	0.490414688	-5.532598366	SLC2A10	0.309436531
7263	-0.360018848	5.047241153	-1.101256191	0.27129589	0.490414688	-5.76224586	TST	0.309436531
27173	-0.157679704	7.657106943	-1.086614242	0.277711981	0.497356143	-5.827082862	SLC39A1	0.303332514
80018	0.179320826	4.646498681	1.081313325	0.280060185	0.499889179	-5.78598178	NAA25	0.301126264
11194	0.21490358	4.66696078	1.075855035	0.282492204	0.502858326	-5.799365784	ABCB8	0.298554354
2181	0.181593607	5.887789012	1.060689394	0.28932467	0.508973279	-5.863433374	ACSL3	0.293305018
10478	0.106469877	4.596554576	1.035238783	0.301039762	0.520118973	-5.808181926	SLC25A17	0.283897304
8273	0.156049521	5.203441926	1.034792614	0.301247924	0.520281097	-5.856109781	SLC10A3	0.283761953
6518	-0.648978477	6.108066429	-1.025442473	0.305632388	0.52500476	-5.899866485	SLC2A5	0.279836759
51000	0.126525851	4.622848246	1.01617957	0.310017592	0.529295039	-5.841372111	SLC35B3	0.276302177
80255	-0.203576115	5.888895134	-1.012595797	0.311725331	0.530072587	-5.916026615	SLC35F5	0.275664655
56052	-0.134929658	4.952831706	-1.000216621	0.317672018	0.536151353	-5.883643857	ALG1	0.270712594
79154	-0.239152209	2.609952448	-0.997533204	0.318970844	0.537413394	-5.485340323	DHRS11	0.269691514
6536	0.302582002	2.624908654	0.994797254	0.320298681	0.538501649	-5.515135925	SLC6A9	0.268812963
51310	-0.375781679	4.751793924	-0.961294463	0.33685199	0.553446691	-5.889221667	SLC22A17	0.256924204
51167	0.198389469	4.011809388	0.956109693	0.339462169	0.55596546	-5.794314912	CYB5R4	0.254952189
219	0.280466095	5.26527221	0.952786121	0.341142185	0.556998685	-5.944119033	ALDH1B1	0.25414583
4249	-0.450746973	3.326968168	-0.935910326	0.349754844	0.565484929	-5.688571284	MGAT5	0.247578965
26503	-0.194607556	5.532991073	-0.927018099	0.354348232	0.5697401	-5.979014357	SLC17A5	0.244323213
10463	-0.178707473	6.345633386	-0.914374806	0.360944745	0.573663463	-6.014550595	SLC30A9	0.24134281
55186	0.149394819	6.26793051	0.9048555	0.365961989	0.57859234	-6.023800418	SLC25A36	0.23762732
4835	-0.227162591	5.644378778	-0.902131238	0.367405833	0.579850719	-5.994900232	NQO2	0.2366838
123096	0.270880263	4.097702974	0.893617025	0.37194122	0.584124783	-5.883525077	SLC25A29	0.233494367
92014	0.135680258	3.018418181	0.891184922	0.373243129	0.585388777	-5.671669591	SLC25A51	0.232555608
55334	-0.131388184	6.66120685	-0.885060835	0.376533877	0.588135713	-6.041311954	SLC39A9	0.230522448
23446	0.157830872	6.290973872	0.883948539	0.377133484	0.588772891	-6.04202732	SLC44A1	0.230052194
9056	0.380833825	5.752973749	0.863930885	0.388025144	0.598935943	-6.053544749	SLC7A7	0.222619623
55324	0.109161267	5.669131103	0.861732096	0.389233117	0.600047502	-6.046733235	ABCF3	0.221814368
2879	-0.209230287	7.601717787	-0.859513943	0.390454051	0.601407383	-6.046448231	GPX4	0.220831245
6526	-0.317272115	6.457663962	-0.850317627	0.395540813	0.606310576	-6.068203672	SLC5A3	0.217304856
57181	-0.16925706	5.287111235	-0.848243569	0.396693563	0.607603082	-6.038250144	SLC39A10	0.216380032
54733	0.181655311	4.350167684	0.831698036	0.405962088	0.615792827	-5.97358476	SLC35F2	0.210565374
4837	-0.416214393	9.193230947	-0.819046574	0.413135955	0.622249259	-6.031407564	NNMT	0.206035612
120103	0.159567976	3.377643077	0.816988158	0.414310239	0.62349962	-5.811384472	SLC36A4	0.205163807
2589	0.132157891	6.363577406	0.816961934	0.414325212	0.62349962	-6.097971756	GALNT1	0.205163807
215	-0.162281713	4.794012119	-0.811345733	0.417539262	0.626335484	-6.017741269	ABCD1	0.203192983
51006	0.113637769	5.623760434	0.792483598	0.428441019	0.637492089	-6.10117916	SLC35C2	0.1955252
57412	-0.245905393	4.155674353	-0.778456885	0.436654645	0.644744452	-5.935835718	AS3MT	0.190612386
292	0.194529908	7.654939587	0.759119209	0.448126045	0.655244624	-6.119048601	SLC25A5	0.183596534
55508	-0.133974597	3.724714631	-0.758260359	0.448639479	0.655536867	-5.910993523	SLC35E3	0.183402879
6529	-0.351231957	2.670721415	-0.752813087	0.45190373	0.658264715	-5.623946969	SLC6A1	0.181599424
197322	0.151196755	4.152049154	0.727914373	0.46699443	0.670875766	-6.017371913	ACSF3	0.173357896
1836	-0.147744849	4.982519989	-0.726154022	0.468071857	0.671762401	-6.112284196	SLC26A2	0.172784308
126133	0.130217749	4.777616018	0.724351992	0.469176222	0.672773453	-6.100959458	ALDH16A1	0.172131154
60560	0.125549875	3.796912709	0.716173208	0.474206674	0.676609159	-5.985362975	NAA35	0.169662128
63027	0.176497257	4.610198499	0.707680227	0.479461678	0.681136331	-6.071439931	SLC22A23	0.166765954
51377	0.114342166	4.226287196	0.688151192	0.491665178	0.691796989	-6.057712816	UCHL5	0.160021332
3028	0.112949459	5.693085979	0.683098525	0.49484955	0.694783399	-6.179116254	HSD17B10	0.158150567
4257	-0.352967368	6.947501566	-0.681553049	0.495825768	0.695331239	-6.192213199	MGST1	0.157808259
2052	-0.155317672	6.65019615	-0.679612428	0.497053041	0.696217135	-6.198404308	EPHX1	0.157255293
6817	-0.243546965	4.581380888	-0.672777602	0.501388368	0.699414217	-6.075742515	SULT1A1	0.155265544
122830	0.122081947	4.64937485	0.665295911	0.506156929	0.703158185	-6.129482976	NAA30	0.152946963
118881	0.232768315	2.863395064	0.659867798	0.509631531	0.706441919	-5.791622204	COMTD1	0.150923539
55972	-0.221462758	3.048561666	-0.657709465	0.511016578	0.707279614	-5.828428337	SLC25A40	0.150408859
6059	0.087768199	5.96446104	0.638158272	0.523652264	0.716849089	-6.216692015	ABCE1	0.144572262
116843	-0.129247281	4.118583138	-0.626381631	0.531340186	0.723802766	-6.060300632	SLC18B1	0.140379761
6507	0.255904761	4.184417545	0.625995942	0.531592935	0.723846784	-6.128963021	SLC1A3	0.140353351
91137	-0.124967494	5.158719177	-0.621407845	0.534604282	0.726587553	-6.190372473	SLC25A46	0.138712046
51703	-0.167782986	5.196807452	-0.615793649	0.538300805	0.72910507	-6.192793968	ACSL5	0.137209882
6558	-0.177162492	5.018683701	-0.614253874	0.539316873	0.729821088	-6.177534632	SLC12A2	0.136783592
10166	-0.134266406	3.138645826	-0.610246657	0.541965668	0.731749761	-5.905416191	SLC25A15	0.135637411
1545	0.294223596	5.050035665	0.595369559	0.551856106	0.739555003	-6.212081644	CYP1B1	0.131029521
2947	-0.2329124	4.590816648	-0.593248384	0.553273493	0.740695911	-6.132925188	GSTM3	0.130360053
6576	-0.128988498	6.506680741	-0.591781231	0.554254903	0.741316251	-6.253046487	SLC25A1	0.129996479
9	-0.130498406	2.394244832	-0.574390345	0.565952674	0.75075745	-5.681984083	NAT1	0.12450035
80155	-0.088259263	5.477023316	-0.568871323	0.56968967	0.753682033	-6.238019105	NAA15	0.122811838
11282	-0.103718601	7.101884874	-0.560003957	0.575718478	0.756976277	-6.263117186	MGAT4B	0.120917731
113189	-0.093990239	5.341281827	-0.558818991	0.576526404	0.757446615	-6.240342534	CHST14	0.120647971
2882	0.141767741	3.528469084	0.555164659	0.57902135	0.759284539	-6.01657353	GPX7	0.119595444
7351	0.16249312	6.334715827	0.540093316	0.589364462	0.767341308	-6.280438296	UCP2	0.115011422
3295	-0.089938612	6.846420948	-0.534412772	0.593284944	0.770015074	-6.282962246	HSD17B4	0.113500773
51629	0.119067779	6.683128593	0.534001108	0.593569522	0.770271566	-6.283946952	SLC25A39	0.113356133
55501	0.084263848	4.437594835	0.515634638	0.606329296	0.779727027	-6.175777779	CHST12	0.108057412
207063	-0.083468301	4.817915646	-0.509822874	0.610392388	0.782584814	-6.222342346	DHRSX	0.106468584
64924	-0.077065016	5.687294078	-0.50593515	0.613117101	0.784685948	-6.281892846	SLC30A5	0.105304125
883	-0.110313195	3.007557865	-0.476438426	0.633962677	0.798264739	-5.936451736	CCBL1	0.097853054
81894	-0.079271504	5.1035984	-0.458895261	0.646501595	0.807330307	-6.267044985	SLC25A28	0.092948744
23516	0.165398378	8.180243569	0.456820043	0.647991623	0.807635211	-6.275110203	SLC39A14	0.092784755
6522	-0.076940424	6.917230327	-0.44947991	0.653273238	0.810606622	-6.317261339	SLC4A2	0.091189853
5250	-0.067595965	8.398726627	-0.447265553	0.654870028	0.811575746	-6.273480373	SLC25A3	0.09067094
6567	-0.133235367	4.69758849	-0.445180466	0.656375049	0.812415024	-6.247991049	SLC16A2	0.090222054
206358	-0.115018504	4.736766842	-0.443418768	0.657647738	0.813391873	-6.251345032	SLC36A1	0.089700171
51144	0.083959983	6.264105173	0.441016136	0.659385057	0.814087202	-6.32715884	HSD17B12	0.089329073
79868	0.068293988	4.770123111	0.429508034	0.667731887	0.819410069	-6.25900909	ALG13	0.086498704
11226	0.116367691	2.664148186	0.427959818	0.668857989	0.820022958	-5.855206768	GALNT6	0.086173988
57106	0.130847568	3.853104948	0.395957046	0.692299519	0.835816819	-6.13583377	NAT14	0.077888894
29988	-0.079573855	4.085970951	-0.37029096	0.71131685	0.848097654	-6.185298591	SLC2A8	0.071554138
56548	0.095238576	2.632085797	0.359061263	0.719695359	0.853690994	-5.859070579	CHST7	0.0686993
285195	0.123158776	4.293178178	0.356516076	0.721599077	0.854759377	-6.24717937	SLC9A9	0.068156126
55630	0.137923729	3.217181925	0.353923818	0.723539782	0.855878667	-6.092746798	SLC39A4	0.067587798
23213	0.141996908	6.608404518	0.351618927	0.725266847	0.856545092	-6.35811197	SULF1	0.067249769
10479	0.045489912	4.751439021	0.348527759	0.727585274	0.858468004	-6.290384511	SLC9A6	0.066275887
80723	0.097309338	3.408053547	0.344719871	0.730444692	0.860150177	-6.01253411	SLC35G2	0.065425717
10559	-0.048120003	4.809121403	-0.311877184	0.755259174	0.875288868	-6.294312186	SLC35A1	0.057848595
10901	-0.063045627	5.467916293	-0.283633434	0.776804476	0.888887128	-6.347835816	DHRS4	0.051153383
55640	-0.077883528	3.968265873	-0.282356417	0.777782849	0.889660899	-6.234984047	FLVCR2	0.050775496
6533	0.077787502	5.779546671	0.279222707	0.780185205	0.890622116	-6.379532248	SLC6A6	0.050306525
84179	0.10371836	2.796781135	0.278169963	0.78099273	0.890909665	-5.934023698	SLC49A3	0.05016633
1468	-0.083620134	4.624658425	-0.275811492	0.782802694	0.892031727	-6.288957426	SLC25A10	0.049619699
79053	0.028920626	5.016741803	0.275828316	0.782789778	0.892031727	-6.32598918	ALG8	0.049619699
9497	0.083265437	5.178951514	0.272839853	0.785084901	0.893673388	-6.352238849	SLC4A7	0.048821174
6541	0.081400949	5.921798875	0.257210687	0.797118125	0.899041387	-6.388430376	SLC7A1	0.046220315
11309	0.089249794	6.606128466	0.253324244	0.800118026	0.900125959	-6.387897459	SLCO2B1	0.045696713
55315	0.062190845	3.415782789	0.244443388	0.806984097	0.903837538	-6.111768632	SLC29A3	0.043909626
55568	0.055698598	5.300863783	0.238697767	0.811434215	0.906399344	-6.364974135	GALNT10	0.042680417
6581	0.116368462	2.771626829	0.229198375	0.818805071	0.911634341	-6.026321233	SLC22A3	0.040179323
9435	-0.065825464	4.842917463	-0.222135207	0.824296057	0.914616161	-6.309685482	CHST2	0.038761129
112483	0.03776733	5.460626212	0.21861017	0.827039708	0.915934421	-6.370709886	SAT2	0.03813562
84316	0.052863902	4.616299239	0.21807802	0.827454082	0.916048761	-6.305185259	NAA38	0.038081408
153642	0.03876527	3.786954716	0.208194222	0.835159035	0.921028932	-6.19623814	ARSK	0.035726727
84925	-0.03885638	3.857181511	-0.207553216	0.83565929	0.921408057	-6.199243934	SLC49A4	0.035547994
4245	-0.027243656	7.889466508	-0.207363624	0.835807265	0.921427774	-6.374176348	MGAT1	0.035538701
5445	0.052367382	6.269747291	0.207258679	0.835889176	0.921427774	-6.401754304	PON2	0.035538701
203427	0.048852294	4.985396488	0.205512995	0.837251968	0.922041932	-6.346312638	SLC25A43	0.035249328
55676	-0.047716482	3.849748637	-0.200437815	0.841216743	0.923386111	-6.214127393	SLC30A6	0.034616662
4363	-0.041716679	6.306650844	-0.199075551	0.842281649	0.924038284	-6.403141929	ABCC1	0.034310035
83693	0.024560115	4.667836351	0.186349657	0.852243419	0.929081806	-6.322837038	HSDL1	0.031946045
9486	-0.044384991	3.372025034	-0.179246304	0.857814295	0.932048986	-6.138734255	CHST10	0.030561262
8034	-0.03410692	3.936488608	-0.177346528	0.85930543	0.932636628	-6.240979738	SLC25A16	0.030287532
54946	-0.030604898	5.246710097	-0.177761329	0.85897981	0.932636628	-6.368357482	SLC41A3	0.030287532
153129	0.022131837	3.104730066	0.153553088	0.878021843	0.943645121	-6.051680115	SLC38A9	0.025191301
56603	0.06378558	2.506822156	0.141758096	0.88732612	0.948188522	-5.874111892	CYP26B1	0.023105306
56267	0.021867939	4.352323605	0.135586497	0.892200777	0.949954665	-6.278823926	CCBL2	0.02229712
6890	-0.029450465	7.63274431	-0.129488032	0.897021686	0.953621989	-6.393216295	ABCB2	0.020623743
114789	0.032958957	4.239694164	0.127030291	0.898965648	0.954826699	-6.256087528	SLC25A25	0.020075446
10237	0.015942683	5.518782425	0.124145724	0.901247985	0.955648101	-6.388195313	SLC35B1	0.019701999
2950	0.039678079	7.819480485	0.121195046	0.903583477	0.956231231	-6.387206378	GSTP1	0.019437076
29957	0.022221132	5.526281059	0.09851531	0.92156117	0.964395485	-6.400483897	SLC25A24	0.015744831
283130	-0.023196509	2.876329975	-0.089957665	0.928355578	0.96788676	-6.018660998	SLC25A45	0.014175451
22950	0.008441255	5.100458881	0.078303189	0.937617075	0.973111304	-6.374864697	SLC4A1AP	0.011837483
293	0.015959046	9.24908375	0.07780781	0.938010936	0.973299982	-6.327939294	SLC25A6	0.011753285
9481	-0.039649473	2.225919021	-0.074934987	0.940295327	0.974685146	-5.843603847	SLC25A27	0.011135653
6891	-0.015313486	6.511471498	-0.07256594	0.942179501	0.975905715	-6.421589287	ABCB3	0.010592139
84102	-0.016405135	4.869981572	-0.066431251	0.947060085	0.978293713	-6.354367978	SLC41A2	0.009530737
80024	0.008665017	5.192019362	0.064571914	0.948539722	0.978760251	-6.381049671	SLC8B1	0.009323676
2936	-0.015289511	5.65786943	-0.064355806	0.94871171	0.978760251	-6.407900716	GSR	0.009323676
22	-0.007856576	4.628186448	-0.049964467	0.960169936	0.984105882	-6.332794275	ABCB7	0.006958173
1650	0.005939248	8.129762708	0.045662205	0.963597061	0.985778543	-6.379145961	DDOST	0.006220639
873	-0.008394842	6.357649246	-0.042040817	0.966482336	0.987090393	-6.420590472	CBR1	0.005643075
51296	0.009882646	5.392248483	0.03537758	0.971792271	0.989178702	-6.3967516	SLC15A3	0.004725243
6513	-0.011031676	8.116053194	-0.032213299	0.974314341	0.990140981	-6.384007553	SLC2A1	0.004302964
56996	-0.004805511	5.360473741	-0.026494021	0.978873491	0.991160958	-6.39909424	SLC12A9	0.003855813
8534	-0.009371618	3.027099008	-0.016683894	0.98669521	0.994548912	-5.934379956	CHST1	0.002373853
133308	0.002266102	2.531960594	0.007301993	0.994176711	0.99814726	-5.911800955	SLC9B2	0.000805381